id1	id2	overlapp	overp	cor	p.value	mean1	mean2	ratio
AT1G01040	AT1G01050	0.00399321154038135	20	0.734344718335906	1.70451611420092e-25	6.78213857278959	30.909244768961	4.55744813191684
AT1G01160	AT1G01170	0.0417348608837971	51	0.623620585968109	8.86695358403164e-17	15.0940196669876	58.2404341832876	3.85851055373052
AT1G01380	AT1G01390	0.00862068965517241	12	0.380593072262038	2.74567700703131e-06	0.561811752409416	1.93703800480564	3.44784173079034
AT1G01730	AT1G01740	0.0375029670068835	79	0.692014357863766	1.06434764965655e-21	9.93304399176419	3.19418026470263	0.321571138449707
AT1G02860	AT1G02870	0.0267987183221672	46	0.43633752450654	5.10607359441247e-08	4.93552900603919	12.1206151227692	2.45578844900684
AT1G03030	AT1G03040	0.00869565217391304	23	0.839018810564726	4.29034843535188e-39	4.84052828113325	10.2114561077824	2.109574722987
AT1G04130	AT1G04140	0.00631521142229544	23	0.797059075919754	1.09533909565891e-32	3.41428623474055	21.9320009551779	6.42359762694136
AT1G04230	AT1G04240	0.265835929387331	640	0.707264100266823	5.46703578540995e-23	2.58152244503241	27.5682876436866	10.6790811355276
AT1G04900	AT1G04910	0.00407442618497895	15	0.641384557296508	6.14994566709083e-18	1.76084542126621	9.18098114361909	5.21396201661876
AT1G05400	AT1G05410	0.00593631948192121	11	0.556282510523702	5.4698656135329e-13	0.508311738008408	3.3061764664712	6.50423002117749
AT1G05720	AT1G05730	0.177881802223523	304	0.527782540823946	1.25868031565941e-11	14.9801303430558	0.31256972118465	0.0208656209276273
AT1G05835	AT1G05840	0.0291403593977659	60	0.424686808634723	1.24768766762483e-07	3.65304695433976	10.4932941897167	2.87247722815356
AT1G06450	AT1G06460	0.0667903525046382	126	0.461970318241213	6.3298759808476e-09	1.57436280510282	66.346419642416	42.1417600996251
AT1G06515	AT1G06500	0.0662629141432134	93	0.656653744538538	5.37367307842622e-19	7.56153918398892	4.00427068327552	0.529557618606845
AT1G06660	AT1G06670	0.00193143408981169	10	0.390545814595121	1.42002309385958e-06	0.154804959060185	5.26146206029737	33.9876841946118
AT1G06790	AT1G06800	0.155168708360198	361	0.520859096348653	2.58203023761315e-11	2.47130080633441	1.97381825007024	0.798696073343629
AT1G07010	AT1G07020	0.0116241524055538	18	0.362333372391654	8.71137563518719e-06	21.3616899031746	9.05678946051468	0.423973454420791
AT1G07950	AT1G07960	0.00549786194257789	9	0.880634337567474	1.37830763831398e-47	5.02808884555191	7.47653948728236	1.48695453022802
AT1G08310	AT1G08315	0.0386340117281821	56	0.369736098870926	5.50126586723146e-06	0.36328437419331	8.11582071206309	22.3401315569508
AT1G08600	AT1G08610	0.00542049934296978	33	0.649613232335645	1.68225760861393e-18	2.3182662795752	4.23507658510954	1.8268292225195
AT1G08830	AT1G08840	0.0244046116300598	145	0.452810463251065	1.36148511238404e-08	104.794270863865	0.73180437727595	0.00698324795089815
AT1G09050	AT1G09060	0.0107780397440216	48	0.661013074437281	2.6104650929034e-19	1.56625814536288	13.3416881420728	8.51819234369038
AT1G10490	AT1G10500	0.00899914872917427	37	0.658146501336488	4.20228699372529e-19	4.52557928988764	51.9091498400481	11.4701669145514
AT1G11303	AT1G11310	0.0199097837921916	64	0.536620519223987	4.91100938870322e-12	2.64404569508571	61.2956890550407	23.1825377182272
AT1G11790	AT1G11800	0.0116618075801749	36	0.535443428280369	5.57565822718788e-12	6.99131231182094	4.87852074233119	0.697797570004499
AT1G11890	AT1G11900	0.0107885949139481	21	0.370087723130992	5.38093064738046e-06	13.0361277602764	1.31285369353864	0.100708869817857
AT1G12775	AT1G12780	0.00158196559224837	4	0.426649566659801	1.07585894308426e-07	0.868789219467548	14.3911329855503	16.5645851296016
AT1G12810	AT1G12820	0.00543344035564337	11	0.614499603142247	3.27034197361214e-16	10.2506200939028	14.9596885304411	1.45939351896762
AT1G13690	AT1G13700	0.00148367952522255	2	0.344860297440314	2.46622082072763e-05	10.5500122178402	7.18755732797889	0.681284265796832
AT1G13960	AT1G13970	0.0221029365329965	70	0.422055777545511	1.51959690878693e-07	6.77151363239671	0.82530317847554	0.121878685221436
AT1G14020	AT1G14030	0.0241314749323903	58	0.689265139200648	1.7826657518275e-21	3.17629212367596	8.53776539279624	2.68796604983404
AT1G14390	AT1G14400	0.164841498559078	429	0.506001520257763	1.1437582288781e-10	0.387001800085716	72.9058140166053	188.386240065182
AT1G15240	AT1G15250	0.00895283772981615	28	0.608746171793291	7.29139092815389e-16	7.16808223832313	5.55691981239749	0.775231034974489
AT1G15430	AT1G15440	0.00848082595870206	23	0.377011038140395	3.46281928935878e-06	9.7996912890531	5.16320547901549	0.526874299069311
AT1G15810	AT1G15820	0.00120772946859903	2	0.649425895375344	1.73341344063307e-18	9.00037004340544	688.806015719156	76.53085510899
AT1G16000	AT1G16010	0.00438184663536776	7	0.457560525756914	9.17800285437894e-09	5.73518567480162	24.6807296878085	4.30338808318742
AT1G16270	AT1G16280	0.128790715087982	516	0.681138457398415	7.92282137989689e-21	6.64050678773782	2.59365670554995	0.390581139129219
AT1G16740	AT1G16750	0.0103505057633498	22	0.512957241185782	5.74921821484604e-11	5.12571529818826	1.4274480388413	0.278487577986597
AT1G16790	AT1G16800	0.130310663308144	776	0.592856566122622	6.14927994316752e-15	3.77717429935996	0.813515653828567	0.215376784165458
AT1G17600	AT1G17610	0.741265235055136	3193	0.673868334394711	2.89043029164061e-20	2.60006885105732	2.63291591367128	1.01263315108006
AT1G17630	AT1G17640	0.0265220012055455	66	0.448747154053264	1.89869807080049e-08	0.550543423415692	1.33794064097974	2.43021818820188
AT1G17750	AT1G17760	0.00232851460172698	12	0.468604886648059	3.58336008383216e-09	4.65066197055705	3.6395071232132	0.782578296649943
AT1G18180	AT1G18190	0.0173250173250173	50	0.358462163973098	1.10287280351406e-05	0.696488030421048	3.60076531477019	5.16988829311743
AT1G18630	AT1G18640	0.00971370143149284	19	0.790246356983403	8.66688902834319e-32	4.34884561131286	5.59903222127409	1.2874755099857
AT1G19350	AT1G19360	0.306871532223645	719	0.597945227549025	3.1464613072627e-15	24.7823255587164	15.8024292521603	0.637649167134046
AT1G19485	AT1G19490	0.0179299103504482	66	0.418059861107474	2.04353855094994e-07	2.26506115481961	1.92697449480365	0.850738396490278
AT1G19850	AT1G19860	0.00567410879486863	23	0.597808141700221	3.20427124505682e-15	2.56027194904652	6.49653709415056	2.53744024988047
AT1G20540	AT1G20550	0.041409993155373	121	0.698918263486076	2.84066821648258e-22	5.49846669876508	0.951478532180929	0.173044338414312
AT1G21160	AT1G21170	0.0765251662698087	466	0.760861765709678	2.89373988787424e-28	3.46968547096654	3.05402944366778	0.880203542719688
AT1G21370	AT1G21380	0.00125601842160352	3	0.752664091651053	2.26552225818958e-27	9.22671880223059	29.4564961849158	3.19252128696006
AT1G21640	AT1G21650	0.0274905422446406	218	0.802947832762968	1.71792313193348e-33	22.4747040849159	1.8675792729052	0.0830969460531693
AT1G21770	AT1G21780	0.300490751226878	398	0.791557845589491	5.85519437038122e-32	61.9037624908958	15.042423670359	0.242996920786055
AT1G22050	AT1G22060	0.0180831826401447	90	0.686954123828465	2.73804743821342e-21	6.03287808691937	8.45697655362886	1.40181459525355
AT1G23880	AT1G23890	0.00843558282208589	22	0.53843807014115	4.03302882424647e-12	1.07284853225208	2.1905420215489	2.0417998959747
AT1G23935	AT1G23950	0.00845186559472274	41	0.665812627103288	1.16255853629292e-19	0.950908788502271	11.0870170755562	11.6593906898461
AT1G24030	AT1G24040	0.647644580620452	1691	0.451018817546814	1.57737565601747e-08	0.381166278009178	4.0855509768391	10.71855306345
AT1G24280	AT1G24290	0.00871369294605809	21	0.488363620413465	6.11463759601953e-10	2.19211829914529	1.30909696303118	0.59718353865373
AT1G24340	AT1G24350	0.138283828382838	419	0.673807899679882	2.92124519345335e-20	4.91372658587083	5.7190936387125	1.1639014785962
AT1G24735	AT1G24764	0.0350508236943568	100	0.445206009246298	2.52817569231321e-08	0.442705170670963	3.4219125111473	7.72955171488298
AT1G25380	AT1G25390	0.137144692468283	427	0.467022870796484	4.10858071040432e-09	4.680984815548	15.4692851968227	3.30470740803112
AT1G26090	AT1G26100	0.0853374709076804	165	0.507931757235294	9.46479000344221e-11	6.06305537490238	3.12730027644812	0.515796093400924
AT1G27060	AT1G27070	0.006941431670282	16	0.730203186747676	4.3096141514296e-25	2.41658210994645	2.91207485012463	1.20503865278932
AT1G28530	AT1G28540	0.00808674875941922	22	0.581028869870483	2.791434978642e-14	1.8022905084745	2.37270546770458	1.31649445888326
AT1G29380	AT1G29390	0.040782355389097	98	0.495043606793448	3.27723528168928e-10	0.344994037327539	24.8045812325725	71.8985795369643
AT1G29830	AT1G29840	0.0115727002967359	39	0.366250859903197	6.84008849505783e-06	0.29471364803749	2.44763655317855	8.30513472815888
AT1G29840	AT1G29850	0.171080285834384	407	0.573679928094904	6.93238081761195e-14	2.44763655317855	14.3672455047953	5.86984431415593
AT1G30755	AT1G30757	0.32306101344364	781	0.641988081327538	5.59965135810003e-18	10.8980351199971	5.98649157119929	0.549318432660814
AT1G31220	AT1G31230	0.0192742056919139	64	0.584077014555275	1.90128745035065e-14	3.83864195822539	16.6174023254021	4.32897949489521
AT1G31800	AT1G31810	0.00574767698055369	30	0.775894906915104	5.31539853175051e-30	21.8438126073405	3.30265125131353	0.151193901480536
AT1G34210	AT1G34220	0.00161268646687273	6	0.386600420473172	1.84898614102124e-06	2.47657035629963	13.8479993899819	5.59160346676882
AT1G34630	AT1G34640	0.0501165501165501	86	0.581176331325424	2.74030564380194e-14	3.23089590081824	3.68876537246356	1.14171594681505
AT1G34770	AT1G34780	0.00308483290488432	6	0.601500312899008	1.95636328807076e-15	1.12553043779879	11.17453108803	9.92823535708567
AT1G43850	AT1G43860	0.269014084507042	1146	0.606736336313877	9.61165169411325e-16	12.1688345545005	4.3278598371876	0.355651136335567
AT1G43900	AT1G43910	0.0200324851109908	37	0.415146830045827	2.53004583996709e-07	7.85951725465874	5.16140237109345	0.656707301969981
AT1G47230	AT1G47240	0.0184813177983126	46	0.764077475081145	1.26189111351455e-28	3.57775204969424	4.50333798126666	1.25870600274033
AT1G47250	AT1G47260	0.518569463548831	1508	0.779737419001625	1.82007554495391e-30	6.65075448980549	11.6506999481556	1.75178620200373
AT1G47330	AT1G47340	0.00830175058653673	23	0.647335675610064	2.41792334571223e-18	6.41315058920782	1.48583407937126	0.231685512245986
AT1G47740	AT1G47750	0.0209193503991192	38	0.703376498777152	1.18635960997775e-22	7.65238567674728	8.72999861049064	1.1408205204578
AT1G48160	AT1G48170	0.130640737970581	262	0.670152988130698	5.52188951929834e-20	6.85384562237016	5.31794960880852	0.775907410498326
AT1G48370	AT1G48380	0.178564701450367	474	0.545008285477669	1.95933960561326e-12	1.98388597616433	2.98973424764067	1.50700911421384
AT1G48540	AT1G48550	0.00788686429154202	29	0.617888081450655	2.02379554718457e-16	8.97074821271978	7.3621665671413	0.820685899611178
AT1G48560	AT1G48570	0.504150015370427	1640	0.416226547957098	2.33805242521713e-07	1.21094595974338	4.41530940420573	3.64616551934439
AT1G48960	AT1G48970	0.0074487895716946	20	0.54583449154658	1.78731384163018e-12	4.41636911820456	4.14347340756162	0.938208129044729
AT1G49350	AT1G49360	0.0175361683472161	40	0.663843786529136	1.62295366574437e-19	2.82813517587905	5.31844504873676	1.88054838895163
AT1G49720	AT1G49730	0.0379080379080379	108	0.440414840011261	3.70523332882371e-08	8.68698124079778	5.05103959167162	0.581449349510481
AT1G49960	AT1G49970	0.0322201711696593	96	0.40761578891406	4.35390778422296e-07	0.134005304826416	74.0430156806217	552.537944498045
AT1G49990	AT1G50000	0.0226476139121057	42	0.634739316447027	1.70294118695387e-17	1.43708545514302	0.994336528544539	0.691911900566539
AT1G50440	AT1G50450	0.0512929207291225	121	0.68672026320658	2.85893476077973e-21	8.44042976487672	9.12585548371599	1.08120744297779
AT1G50900	AT1G50910	0.190893596299002	392	0.56289542269291	2.53010408904576e-13	55.926410542562	1.13031511999422	0.0202107574762734
AT1G51390	AT1G51400	0.0210711150131694	24	0.572727647120753	7.78676667700167e-14	5.53176527653563	273.497179670848	49.4412119818162
AT1G51540	AT1G51550	0.231355345185869	501	0.63716359838199	1.17782043752861e-17	6.08646878938173	4.16631622673126	0.68452108618378
AT1G52500	AT1G52510	0.443867243867244	1538	0.553050446884977	7.92429935805467e-13	2.48402941801362	12.7463099527653	5.13130394524797
AT1G53190	AT1G53200	0.000938526513374003	3	0.76645842243335	6.76756091097639e-29	6.12112966476657	2.95277312476533	0.482390226392621
AT1G53480	AT1G53490	0.540358744394619	1446	0.446277723327558	2.31911409391078e-08	3.67513924908424	0.356003396670858	0.0968680021470114
AT1G54310	AT1G54320	0.017631103074141	39	0.567931094933698	1.39040282526516e-13	3.96673456645032	23.9450515642689	6.03646429150826
AT1G54360	AT1G54370	0.012070006035003	40	0.87375183221127	5.58220396973314e-46	10.1238380446987	9.6768167006614	0.955844676488934
AT1G55190	AT1G55200	0.0303743315508021	71	0.419391944398599	1.85216309041882e-07	7.00568047945002	0.279752860239455	0.0399322893843165
AT1G56290	AT1G56300	0.233430883112412	678	0.329032627446293	6.00960298493096e-05	2.23476110768411	9.2952202895533	4.1593798359888
AT1G56700	AT1G56710	0.0119047619047619	22	0.337319301629541	3.79271494497267e-05	25.380857466784	0.210706904464598	0.00830180401668268
AT1G59750	AT1G59760	0.00374041518608566	20	0.859512579763169	6.19894991930406e-43	9.79713718665096	4.2611389619373	0.434937153655794
AT1G60220	AT1G60230	0.0179372197309417	56	0.695299205494353	5.70370946535175e-22	4.32742491153041	5.24127675862397	1.21117682357898
AT1G60420	AT1G60430	0.00924799221221708	19	0.671337291961335	4.49694240708921e-20	11.8013678454683	5.31189044991398	0.450108031498547
AT1G60460	AT1G60470	0.0101384285435757	26	0.385790152148577	1.95116249390921e-06	0.192657848177715	0.641008474858032	3.32718589416997
AT1G60650	AT1G60660	0.00807614652437266	14	0.663886536650276	1.61128240222278e-19	3.63387450839424	6.3218363674582	1.73969584058414
AT1G62600	AT1G62610	0.00430454667742803	8	0.42549514860563	1.17395984447542e-07	6.01564019486994	5.3414404476265	0.88792551991085
AT1G62720	AT1G62730	0.054453980467594	92	0.345563582730833	2.36784401681554e-05	0.546016690271096	2.63457206732599	4.82507607234118
AT1G62740	AT1G62750	0.00732064421669107	20	0.576780356394485	4.73603541483991e-14	18.1852268949234	96.7849826836062	5.32217625014208
AT1G63380	AT1G63390	0.0565610859728507	50	0.58704703961988	1.30275232524268e-14	3.38204404006023	8.55598944565288	2.52982792190385
AT1G64640	AT1G64630	0.0166835187057634	33	0.492318264763359	4.23370914360777e-10	6.91977085435405	4.30884656086488	0.622686307329624
AT1G64960	AT1G64970	0.0140373265273568	44	0.706553654625715	6.30448547000283e-23	1.84404178691816	60.8347003479931	32.9898708259007
AT1G65030	AT1G65032	0.0138217000691085	20	0.581951948118901	2.48601746815739e-14	4.23475823255052	3.52695705108919	0.832859128528093
AT1G65410	AT1G65420	0.032064128256513	56	0.696820381877793	4.26047184943681e-22	7.53837887073765	4.85703588890865	0.644307744701265
AT1G65840	AT1G65845	0.0316560359083392	67	0.500236985593854	1.99918613821344e-10	10.9503053222484	18.3543050472719	1.67614550527466
AT1G66820	AT1G66830	0.38614123247818	730	0.567302925047123	1.49904440141402e-13	5.11462911889396	0.664091384368223	0.129841552325857
AT1G67430	AT1G67440	0.0213406292749658	39	0.744519163696839	1.61874249639658e-26	90.0874780626565	5.93918287032119	0.0659268413107362
AT1G68585	AT1G68590	0.162271805273834	160	0.552405171489186	8.52892480149726e-13	10.9755630506067	72.1044355787063	6.56954319757842
AT1G68862	AT1G68870	0.0346598202824134	54	0.677945801548504	1.40507734876324e-20	0.562734118750229	2.25806114444196	4.01266080943673
AT1G68980	AT1G68990	0.00842000990589401	34	0.801162457941621	3.03232664975731e-33	1.93865602395426	3.68534215733952	1.90097784846976
AT1G69010	AT1G69020	0.12745262451786	380	0.800102270554959	4.23769257573199e-33	5.36651677764829	1.72313669996102	0.321090340598195
AT1G69720	AT1G69730	0.00686547951083458	16	0.3569637854817	1.20730982424859e-05	8.39347554894069	13.04857847928	1.55460969692428
AT1G70760	AT1G70770	0.0263736263736264	54	0.504635299850579	1.30683857322171e-10	93.0005333710795	34.8865214270185	0.375121734924019
AT1G71480	AT1G71490	0.192898272552783	402	0.49282122625595	4.03896505055105e-10	33.889455333014	0.396259912113063	0.0116927199985725
AT1G72180	AT1G72190	0.000862936861786279	3	0.457882839088426	8.93371556874725e-09	30.6592855473976	3.16801669208736	0.103329762436564
AT1G73380	AT1G73390	0.0013225326500248	4	0.641511872105883	6.02963314944535e-18	6.83553247532408	8.95095205215025	1.3094739999353
AT1G74390	AT1G74400	0.0149369044553181	29	0.561232215751295	3.07646069437136e-13	1.26384760041194	0.667832432052226	0.52841215335975
AT1G74430	AT1G74440	0.251449395395064	759	0.66112919394514	2.56032120527882e-19	85.3409129855191	7.84901972450875	0.0919725305240242
AT1G74730	AT1G74740	0.0091941590048675	17	0.375417602104902	3.83599828725008e-06	77.1427756738301	2.59795875046431	0.0336772786274741
AT1G74900	AT1G74910	0.051430781129157	133	0.564234462678699	2.15988500899384e-13	0.879457551716894	33.4742150995392	38.0623431275224
AT1G75335	AT1G75340	0.0116279069767442	20	0.408058581583616	4.21868548756509e-07	4.19680910916681	5.53793505498344	1.31955848143946
AT1G75360	AT1G75370	0.0595542564852028	163	0.431390941848875	7.49225746790796e-08	0.24796676966447	31.3032574488746	126.239727570076
AT1G75440	AT1G75450	0.241247959368765	665	0.426627071056946	1.07769330270113e-07	16.0905608424071	1.88576274280272	0.117196831190169
AT1G76050	AT1G76060	0.0443159922928709	69	0.466275677378068	4.38169918227821e-09	8.20408992886227	3.7119303968886	0.452448769951911
AT1G76450	AT1G76460	0.0138378378378378	32	0.683899925037977	4.79853492101835e-21	34.0318774625	7.90427081573296	0.232260792089497
AT1G76850	AT1G76860	0.00586435492095869	23	0.476923077326927	1.72560927664987e-09	11.8757763931752	8.85032720917839	0.745241988074524
AT1G77270	AT1G77280	0.0530503978779841	190	0.33968192149321	3.3182259542234e-05	0.914127638594203	6.70000131738839	7.329393658518
AT1G78476	AT1G78480	0.495262160454833	784	0.39519394596155	1.03590410045363e-06	0.866074724469567	1.01449230015939	1.17136809503444
AT1G78890	AT1G78895	0.254626202812731	516	0.662216392779165	2.13425568954355e-19	7.43429405049452	2.65599844947626	0.357263034181381
AT1G78910	AT1G78915	0.0205983325159392	63	0.621283116650287	1.24393901630346e-16	1.38272299004156	6.32825299089776	4.57665999370385
AT1G79270	AT1G79280	0.077856476143414	709	0.708568516182379	4.20360102491774e-23	20.5328225800705	5.37654825039424	0.261851395706931
AT1G79380	AT1G79390	0.0304594734124935	59	0.49526386658467	3.20979038040887e-10	39.8679444365611	10.2850124770041	0.25797699435871
AT1G79710	AT1G79720	0.0305158634051829	63	0.617773391274687	2.05713316059846e-16	2.36535362635451	6.95315404015557	2.93958330910199
AT1G80750	AT1G80760	0.0109555690809495	18	0.447601524931107	2.08372807323264e-08	11.3294919788571	10.6165752090798	0.937074250892472
AT1G80890	AT1G80900	0.00488251449496491	8	0.62571635243397	6.52979808915329e-17	7.03877261278152	4.06525346917797	0.577551469953153
AT1G80950	AT1G80960	0.00491613649508386	17	0.53683015039092	4.80099166715651e-12	9.8227182756016	1.05399426094379	0.107301688938975
AT2G01340	AT2G01350	0.0696165191740413	118	0.578646873471269	3.75800867954949e-14	1.54795792916254	19.0604536304472	12.313289186586
AT2G01400	AT2G01410	0.368536052439913	506	0.482348570132559	1.06006738376789e-09	4.97373730131179	5.40215072332955	1.08613511250479
AT2G01680	AT2G01690	0.141451414514145	575	0.814934147733109	3.23675728432889e-35	11.1487236652518	9.8274396736214	0.881485627296645
AT2G01860	AT2G01870	0.278796771826853	380	0.464322645329592	5.18065587122266e-09	6.84347484389207	3.52319323913277	0.514825190345704
AT2G02740	AT2G02750	0.0394981412639405	85	0.565894183212765	1.77353100014869e-13	4.58295519738938	0.542268629824901	0.118322917521384
AT2G02955	AT2G02960	0.0189723320158103	48	0.340626333956313	3.14464850434663e-05	1.44267785746469	4.75868647840128	3.2985094030375
AT2G03270	AT2G03280	0.0151994933502217	36	0.707215091633699	5.52112707214664e-23	3.54737277036483	1.6594244439167	0.467789699966051
AT2G07787	AT2G07658	0.651581085001451	1123	0.719419633543485	4.45914994931519e-24	0.209706816516763	0.405756058545802	1.93487300644501
AT2G17140	AT2G17150	0.0471635150166852	212	0.507158579715626	1.02119372697237e-10	0.489136583419558	2.16022947560389	4.4164136333899
AT2G18220	AT2G18230	0.00698080279232112	22	0.520003013638076	2.818762478834e-11	3.27519577135331	9.57992201670619	2.92499217924544
AT2G18390	AT2G18400	0.0229320229320229	28	0.590409366376804	8.4519911893171e-15	6.8222904718919	2.46918791235096	0.361929460864223
AT2G19670	AT2G19680	0.113086419753086	229	0.39450777958914	1.08560469671457e-06	2.0178810632298	7.687136788077	3.80950935521098
AT2G20495	AT2G20500	0.0885174868461776	143	0.593666075826468	5.53188767598431e-15	2.39316898302586	2.42904122685379	1.01498943203859
AT2G20540	AT2G20550	0.166761202495746	294	0.457951466609201	8.88251498072993e-09	0.42739458229317	3.5823555797254	8.38184602271839
AT2G20710	AT2G20720	0.0109056424845899	23	0.350029873710497	1.82427186886404e-05	0.856420119884321	1.05138212842593	1.22764762762456
AT2G21340	AT2G21350	0.0803897685749086	198	0.418182806621748	2.02511266314401e-07	10.6381193863717	1.62963034770743	0.153187822820931
AT2G21530	AT2G21540	0.0274547187797903	72	0.588780074913009	1.04299619934493e-14	77.7770766247934	1.75251645828431	0.0225325575906982
AT2G21940	AT2G21950	0.023546371936569	49	0.846757674869633	1.77300579077361e-40	5.83588254450951	11.652990856875	1.99678296607225
AT2G22000	AT2G22010	0.0262249827467219	95	0.412220888553505	3.1290118985807e-07	1.22386954893571	18.2531307167022	14.914278022993
AT2G22610	AT2G22620	0.000889125989152663	5	0.499295526509261	2.18793080183522e-10	0.452712265841322	0.130001198552384	0.287160760512617
AT2G22730	AT2G22740	0.389735573791846	1496	0.65528196968341	6.72777887284921e-19	0.653779009531678	3.05992393373012	4.68036429606701
AT2G23460	AT2G23470	0.045632333767927	140	0.775183498752414	6.46692445233888e-30	8.39725887004642	2.0066518041903	0.238965099831346
AT2G23740	AT2G23755	0.153469387755102	564	0.55387162881711	7.21477834307377e-13	4.06657572125463	2.6341476643636	0.647755715108362
AT2G23980	AT2G23985	0.209620253164557	621	0.652712119286081	1.02178655790973e-18	8.26669832752235	2.07422829414367	0.250913752016078
AT2G24180	AT2G24190	0.0605515587529976	101	0.379240333747819	2.99812053670033e-06	34.5568117779008	1.20205765107748	0.0347849697131552
AT2G24350	AT2G24360	0.0119189511323004	35	0.603609093167698	1.4717062689031e-15	0.818756468804637	40.1292785879608	49.0124721048598
AT2G25270	AT2G25280	0.0489986389266965	126	0.505212170522739	1.23540898832785e-10	1.03643826254072	8.4931720059179	8.19457589793892
AT2G25605	AT2G25610	0.0270643468655068	49	0.760486702043235	3.18514699382504e-28	6.47672199935502	19.3771268324937	2.99181080096125
AT2G25650	AT2G25660	0.122790697674419	858	0.596279394215053	3.92329040907137e-15	6.20303853536569	4.09728271509713	0.660528334901853
AT2G25840	AT2G25850	0.00872190540087219	39	0.63323693025795	2.1365903067673e-17	5.63094034897825	4.76252328985953	0.8457776134538
AT2G25950	AT2G25964	0.0255447032306536	34	0.349987409261565	1.82883509833956e-05	5.35950626374918	86.3388610612262	16.1094803909845
AT2G26270	AT2G26280	0.0152467567206099	57	0.783490470123088	6.25687096300256e-31	0.691712365456773	23.4777237298347	33.9414544285777
AT2G27480	AT2G27490	0.0118610561988139	21	0.669751902723772	5.91825967798227e-20	2.37272732075715	3.33194521716938	1.4042680707643
AT2G27600	AT2G27610	0.000364497904137051	1	0.531667014141544	8.35067307365874e-12	38.0182448237548	0.26417560570946	0.00694865338823837
AT2G28930	AT2G28940	0.0105022831050228	23	0.491465018319809	4.58499760610794e-10	3.96268253829591	8.1432320344018	2.05497966483676
AT2G29540	AT2G29550	0.127648305084746	241	0.628663780040357	4.22983061649414e-17	3.33496805627822	19.9525562363672	5.98283278869964
AT2G30760	AT2G30766	0.238878504672897	639	0.581947849555987	2.48729883869476e-14	0.177413674185437	11.1985334044127	63.1210274846557
AT2G30910	AT2G30920	0.00197384653343203	8	0.776735029113758	4.21271699426742e-30	3.57307015525928	1.99169399916088	0.557418106171036
AT2G31380	AT2G31390	0.0196124212000934	42	0.35198957123405	1.62498076127467e-05	29.0367964193883	27.2652631092106	0.938990056458334
AT2G31820	AT2G31830	0.0519956060051263	213	0.568126944347113	1.35812431717754e-13	27.83156134808	0.607814356301368	0.0218390319069648
AT2G32280	AT2G32290	0.283508470941454	661	0.465182817748347	4.81285964005735e-09	0.575859946903343	4.61169170491854	8.00835642367155
AT2G32410	AT2G32415	0.0106541129831516	43	0.68096465413349	8.17534958523775e-21	2.16559582434432	2.1485407016064	0.992124512549296
AT2G32710	AT2G32720	0.295139442231076	926	0.735965020670963	1.18016139087587e-25	4.08485340429975	3.65319626641811	0.894327385793753
AT2G33390	AT2G33400	0.2088772845953	400	0.492380587330836	4.20909492262432e-10	21.4589254093287	0.851472216925436	0.0396791638296706
AT2G33490	AT2G33500	0.0333004091999436	118	0.722379864551007	2.37376416401096e-24	4.12712867568274	2.90111059980538	0.702936794023136
AT2G33620	AT2G33630	0.0123762376237624	30	0.719790778546235	4.12206631241094e-24	7.12474538630352	20.0680315178485	2.81666648136323
AT2G34460	AT2G34470	0.0714526457701382	106	0.752994962333057	2.0882169027592e-27	78.3099552275402	14.6288225945659	0.186806678053383
AT2G36355	AT2G36360	0.171368124118477	486	0.350516941092115	1.77269323846993e-05	0.520639121376042	3.58184980017441	6.87971697306885
AT2G37330	AT2G37340	0.0308880308880309	56	0.661462652542749	2.42149870444627e-19	2.09727175052558	19.6592220466114	9.37371232015341
AT2G37680	AT2G37690	0.00412825099766066	15	0.588902208861783	1.02672633124712e-14	4.9290776432674	2.74554744479042	0.557010386829785
AT2G38570	AT2G38580	0.103608660785886	323	0.482748392240762	1.02233377803186e-09	0.811616032970064	2.02061965439454	2.48962510880939
AT2G39270	AT2G39280	0.0413363533408834	146	0.481239489487214	1.17190248103706e-09	19.6928880687394	1.93837090337681	0.0984299964845576
AT2G39910	AT2G39920	0.0125976316452507	25	0.534723835373751	6.02408644121408e-12	2.42801386451771	11.5311947335248	4.74922936068788
AT2G40630	AT2G40640	0.210632232097937	628	0.709003104332601	3.84997046759688e-23	3.02869067013896	1.66483440958378	0.549687832434665
AT2G40720	AT2G40730	0.000222965440356745	1	0.596902733554598	3.61291130482921e-15	0.573156121551175	9.45492865949809	16.4962534708859
AT2G40770	AT2G40780	0.0208631622008591	102	0.516688849571649	3.94954680539619e-11	2.60487512075848	1.91067362104899	0.733499124707616
AT2G41110	AT2G41120	0.096128170894526	108	0.360760186046667	9.59127853747954e-06	69.9129614757316	10.126612023393	0.144845988635572
AT2G41490	AT2G41500	0.0269476593539471	78	0.752577032868733	2.31457681037105e-27	6.00831262529805	4.26538772479233	0.709914412048548
AT2G41540	AT2G41550	0.123282846072561	350	0.625433461529424	6.80603183416729e-17	6.05507311403201	0.734304338854146	0.121270928529743
AT2G41705	AT2G41710	0.0164693772516727	48	0.682719023851556	5.95015433267303e-21	5.26147417627965	9.65575420135422	1.83518038440355
AT2G41750	AT2G41760	0.546439628482972	1059	0.477808876849242	1.59457740074411e-09	1.75986762667635	4.07165901832981	2.31361663605317
AT2G41760	AT2G41770	0.00251166128453534	7	0.636650465654495	1.27376516833557e-17	4.07165901832981	7.74804259505456	1.90292029862383
AT2G42120	AT2G42130	0.0212936922458819	53	0.831254349349381	8.89523190251973e-38	2.18557118215364	16.3645948042052	7.48755974540245
AT2G42220	AT2G42230	0.011426060206548	26	0.663509096155551	1.71722822160047e-19	93.4397643016803	6.328616624385	0.0677293727320671
AT2G42270	AT2G42280	0.0174828857293312	83	0.493886664506443	3.65458926887739e-10	5.14239178080066	1.60606817585459	0.312319295050782
AT2G42520	AT2G42530	0.0987153482082488	292	0.431512645935639	7.42245101204282e-08	7.95263802552661	27.3749968621726	3.44225359865539
AT2G42680	AT2G42690	0.0266386260077112	38	0.45210468260246	1.44290470986048e-08	30.3456325412728	88.1293042793227	2.90418412466634
AT2G43340	AT2G43350	0.0116438356164384	17	0.444642262420944	2.64529135122479e-08	5.9838209914158	9.99064320890585	1.66960930536494
AT2G43550	AT2G43560	0.0193816335948316	21	0.357544920378307	1.16574250531482e-05	46.5290906872114	27.0910568932685	0.582239121658024
AT2G44750	AT2G44760	0.0163886450102429	28	0.602604451649175	1.68590195095981e-15	6.86421956445245	14.9289162204856	2.17488908685229
AT2G44850	AT2G44860	0.0231600617601647	45	0.705670787128822	7.52164541032425e-23	4.31215315695579	21.7530119254853	5.04458240088162
AT2G45320	AT2G45330	0.141309467734338	300	0.757367808720596	7.02596305909383e-28	2.68709594343845	6.67790438117808	2.48517526792621
AT2G45720	AT2G45730	0.00723089564502876	22	0.646002172339978	2.98585673935442e-18	2.00191618489425	5.64723301294915	2.82091381025898
AT2G46020	AT2G46030	0.00635575023619342	37	0.511168058726596	6.87215949389302e-11	8.60108210644112	12.1562349042214	1.41333785142197
AT2G46100	AT2G46110	0.0311937612477504	52	0.523500087865849	1.96680164567019e-11	37.3247754425752	1.88891560637575	0.05060755447228
AT2G46200	AT2G46210	0.515838462693289	1718	0.364767883871731	7.49861769854497e-06	1.35265815437594	0.360139135710028	0.266245491918969
AT2G46225	AT2G46230	0.024487756121939	49	0.81341180097776	5.44557008973779e-35	7.48127231815923	12.1796213506157	1.62801470560726
AT2G46910	AT2G46915	0.0234403173458348	65	0.781342308648839	1.15586805999387e-30	18.678106301289	11.980629704264	0.641426358272582
AT2G47170	AT2G47180	0.0103466114847387	20	0.566484843658386	1.65296286328088e-13	61.7734029314107	50.9564634967443	0.824893256298721
AT2G47380	AT2G47390	0.0291997782295324	79	0.380667709120189	2.73235308405085e-06	19.6561269120519	26.0479511109256	1.32518228171159
AT2G47820	AT2G47830	0.00203340595497458	7	0.752797785909093	2.19216879733426e-27	1.43145721775425	3.53983418495234	2.47288856491696
AT3G01350	AT3G01360	0.441537203597711	1080	0.51755244422138	3.61849305923239e-11	1.55211009563719	2.99468711122615	1.92942956794359
AT3G01920	AT3G01930	0.0195258019525802	42	0.578782198830429	3.69529977624899e-14	6.61449840743898	3.56877119741948	0.539537690931465
AT3G02160	AT3G02170	0.102860922771622	311	0.479167144964385	1.41209956815642e-09	0.974292606371145	13.2644775744989	13.6144701168408
AT3G02370	AT3G02380	0.257730235667725	771	0.404507596564261	5.42634576023861e-07	1.11263619407367	9.61302002770439	8.63985917311254
AT3G02500	AT3G02510	0.0174133865409033	48	0.328247134823115	6.27333633683985e-05	0.605277919036803	6.36491709001449	10.515693518348
AT3G02690	AT3G02700	0.0283730757621491	47	0.612699854105303	4.20999761757841e-16	11.2281001477629	11.5043539611349	1.02460378957584
AT3G03740	AT3G03750	0.506868918145392	1771	0.602280256482731	1.76129019633241e-15	6.72780964142063	2.49553636272124	0.37092850358862
AT3G04550	AT3G04560	0.023448670288819	41	0.50037885447242	1.97214474432917e-10	22.0691200663998	4.73035857424501	0.214342871850472
AT3G04870	AT3G04880	0.0337552742616034	80	0.512969936562749	5.74192324071044e-11	22.1887375170188	22.009049542736	0.99190183875288
AT3G05010	AT3G05020	0.00803212851405622	14	0.651173301003208	1.30977983981296e-18	6.2021320109919	7.43985092137594	1.19956345788681
AT3G06810	AT3G06820	0.00145530145530146	7	0.703838420299002	1.08273873665558e-22	9.31030414274887	3.56239560659235	0.38262934829759
AT3G06950	AT3G06960	0.0238095238095238	45	0.760237482454957	3.39449993314505e-28	5.26310583689142	7.64224214512118	1.45204036969072
AT3G07080	AT3G07090	0.0338277387457715	65	0.612174135743681	4.5309682955852e-16	4.3122732238189	19.302033320757	4.47606919110365
AT3G07140	AT3G07150	0.1336084601496	259	0.333696723767044	4.64557028861722e-05	7.73815396590455	0.56926660145945	0.0735662024777127
AT3G07170	AT3G07180	0.00712143928035982	19	0.783348359833571	6.5175511374299e-31	9.95514438156179	5.64403710129432	0.566946784995685
AT3G07400	AT3G07410	0.0104463437796771	33	0.391652474789644	1.31786927150163e-06	6.62483805747389	4.09873620569456	0.618692286533784
AT3G07500	AT3G07510	0.0723172628304821	93	0.512842787688214	5.81539119562784e-11	0.864570286261028	4.48042019094375	5.18225095419372
AT3G07525	AT3G07530	0.0249154653852999	70	0.620766258598265	1.34011840036529e-16	2.17599557996572	1.16909835384784	0.537270555423765
AT3G08010	AT3G08020	0.0180394826412526	53	0.804817435481573	9.41595956877469e-34	34.0960495854902	6.0995601260363	0.178893455405814
AT3G09060	AT3G09050	0.163418290854573	327	0.544263430081799	2.12811830583933e-12	0.541525826258987	9.72184992086426	17.9526985592276
AT3G09085	AT3G09090	0.01472350624893	43	0.639072776214027	8.78974016258871e-18	11.0522308636755	8.95403524843857	0.810156371042438
AT3G09300	AT3G09310	0.125705076551168	234	0.554549679584889	6.67577509890728e-13	14.1235057204916	1.27115500759143	0.0900027962425166
AT3G09540	AT3G09550	0.0891763104152485	262	0.547031020151382	1.56390457456926e-12	9.4842739747115	0.778041020480246	0.0820348529107008
AT3G09660	AT3G09670	0.00789105256459208	31	0.607825344864902	8.27730882066742e-16	0.380672952803343	2.78055353152773	7.30431072407756
AT3G09670	AT3G09680	0.00669056152927121	14	0.379083578253059	3.02875840255582e-06	2.78055353152773	0.59669486798426	0.214595713126378
AT3G10140	AT3G10150	0.0254806578642576	55	0.38799424152822	1.6850167481794e-06	2.84463748186965	0.344375912388452	0.1210614408983
AT3G10200	AT3G10210	0.254055192753318	603	0.486646371293651	7.16251252740515e-10	0.183093802548936	6.11506962987284	33.3985615282551
AT3G10220	AT3G10230	0.0120593692022263	26	0.749105159643243	5.3996198865205e-27	4.81735237487217	35.0792078949364	7.28184387712913
AT3G10350	AT3G10360	0.011906372615343	44	0.746921298793105	9.13483934651551e-27	14.6215123428191	8.10433502199521	0.554274744771896
AT3G10405	AT3G10390	0.0237906423473434	75	0.611716871208397	4.82944398384697e-16	7.75109310094434	4.28158296015157	0.552384406223933
AT3G10620	AT3G10630	0.154302670623145	260	0.62093581623515	1.3077933855161e-16	11.3685346410731	3.3053558424179	0.290745988535414
AT3G10820	AT3G10840	0.232831737346101	851	0.50582775958808	1.16335111875567e-10	2.46773348913598	4.88361276075779	1.97898710790997
AT3G10850	AT3G10860	0.0142348754448399	24	0.697309660872622	3.87736844088314e-22	28.2708058405419	34.1299056873396	1.2072491275928
AT3G11020	AT3G11030	0.424882629107981	1086	0.434385364227428	5.94461141424737e-08	1.37742127434274	2.63450573095333	1.91263615571091
AT3G11620	AT3G11630	0.0269933554817276	65	0.697031171785878	4.09108460254267e-22	3.3689077788818	103.683741074997	30.7766635005401
AT3G12480	AT3G12490	0.0126798341867837	26	0.698533742894949	3.06055534744422e-22	7.70989679193462	35.660617139071	4.62530408660928
AT3G12930	AT3G12940	0.142693278274834	311	0.503899022953133	1.40382355116699e-10	22.7391504896492	3.14605742777837	0.138354219926133
AT3G12990	AT3G13000	0.0625720401778363	190	0.442459673612222	3.14976000030623e-08	4.18084194782676	1.17495035729347	0.281031995936661
AT3G13470	AT3G13480	0.14215597164152	391	0.382603345531019	2.4074959141185e-06	16.1205098660909	7.28051329592725	0.451630460599862
AT3G13670	AT3G13672	0.307084019769358	932	0.444137871295118	2.75447572523376e-08	15.1035801715796	3.01412006862488	0.199563284624168
AT3G13674	AT3G13677	0.0724863600935308	93	0.73391334279113	1.87893096121278e-25	0.950983941930521	3.05811544245437	3.21573825552335
AT3G13770	AT3G13772	0.0004149377593361	1	0.607529029964574	8.62134839880149e-16	0.520936636492917	16.2466309368728	31.1873456362167
AT3G14100	AT3G14110	0.016875900391027	41	0.57710125990419	4.55186117980652e-14	32.4548780250438	24.0248178418637	0.740252908155284
AT3G14890	AT3G14900	0.00211352657004831	7	0.722494893746186	2.31593388319573e-24	1.58229207275783	2.37192906026258	1.49904628930389
AT3G15060	AT3G15070	0.140289346777729	320	0.373042025236141	4.46385373858317e-06	5.82637616581128	6.22623483430125	1.06862905125081
AT3G15190	AT3G15200	0.0364864864864865	54	0.648630005910109	1.96821024446218e-18	67.9866438276012	3.72270693639288	0.0547564451899233
AT3G15380	AT3G15390	0.00860752464251007	31	0.638205731897623	1.00417559687858e-17	8.60632243762374	1.2701477781654	0.147583103860108
AT3G16460	AT3G16470	0.119572953736655	420	0.557975544349112	4.49733002582503e-13	10.1728422765613	102.797221221197	10.1050638972401
AT3G18100	AT3G18110	0.00799567801188547	37	0.53286249455588	7.35229438081566e-12	1.67110520665783	4.147383718703	2.48182083460661
AT3G18300	AT3G18310	0.00639097744360902	17	0.60273841259056	1.65567695573456e-15	2.360542975755	2.26948575097259	0.961425305229498
AT3G19330	AT3G19340	0.010082677959266	25	0.694757086062416	6.32587373134953e-22	1.01680448077559	16.8662100422672	16.5874662839824
AT3G19480	AT3G19490	0.0343229792345976	100	0.734217134085861	1.75437839773467e-25	7.55403808797205	19.1603564117966	2.53643894678063
AT3G19800	AT3G19810	0.00124571784490813	2	0.686102151677509	3.20414628137152e-21	20.3557904268538	16.3630764899593	0.803853652785341
AT3G20240	AT3G20250	0.00686427457098284	22	0.504675860089479	1.30168848783444e-10	5.1414478767297	19.2867472255757	3.75122877601617
AT3G20670	AT3G20680	0.0378378378378378	35	0.680950941248973	8.19560551462112e-21	8.76205527597911	14.6209580955705	1.668667639618
AT3G20730	AT3G20740	0.0135754907356448	37	0.731207914937902	3.44664893981444e-25	0.920480469640955	3.57100280169258	3.87949871775714
AT3G20790	AT3G20800	0.0303662934143101	80	0.729459403978931	5.08155401067735e-25	6.64372804974045	5.00109629190905	0.752754515908343
AT3G21100	AT3G21110	0.0144863266814486	49	0.458095096925212	8.77626917963181e-09	2.55218848823957	4.80587211145921	1.88303964758268
AT3G21280	AT3G21290	0.00362778886268819	20	0.643286757254627	4.57352893167418e-18	2.33109150086033	3.24059863313105	1.39016363447555
AT3G21810	AT3G21820	0.0352228948816731	128	0.793642335083276	3.12103379799218e-32	3.27117608063409	2.48389325427595	0.759327285675942
AT3G22780	AT3G22790	0.00020240866309078	1	0.710292387684025	2.96362634828723e-23	5.96591510085108	1.94717455479481	0.32638321563058
AT3G22942	AT3G22950	0.0141435306443164	27	0.670062665211536	5.60882159651029e-20	1.26112272380055	8.27040177878202	6.55796745447433
AT3G23070	AT3G23080	0.0231686541737649	68	0.729488903173984	5.04850732525125e-25	4.68901951961977	12.7488547036296	2.71887430843183
AT3G23480	AT3G23490	0.105449854885521	327	0.434225268370245	6.01894920915477e-08	14.2661173935971	21.8776306474314	1.533537825593
AT3G24500	AT3G24503	0.0451403009353396	111	0.405070541091134	5.21506007740172e-07	3.85282297618889	26.339593532927	6.83644011046191
AT3G24715	AT3G24730	0.170304334460498	554	0.449149581373123	1.83752985607454e-08	0.635454824325766	5.26909030125063	8.29184089811777
AT3G24929	AT3G24982	0.751614919774953	3607	0.42467560064798	1.24874043422449e-07	0.244519644839749	6.0661798115389	24.8085580833986
AT3G26840	AT3G26850	0.26480372588157	796	0.516257636063413	4.12564055321595e-11	13.2089525947112	2.14245682542026	0.162197328672228
AT3G27690	AT3G27700	0.17854463615904	595	0.476242531026515	1.83326795830338e-09	402.891932261128	4.169044323381	0.0103477979814173
AT3G27750	AT3G27770	0.134437719018796	211	0.605743269898163	1.10096249093274e-15	6.63886616809023	30.0609294740663	4.52802160985779
AT3G32930	AT3G32940	0.0338692390139336	79	0.745449839978184	1.29789335966556e-26	20.001382860209	5.04952486259341	0.252458787369097
AT3G33530	AT3G33520	0.00428808108371504	22	0.773220863361022	1.10671395580401e-29	7.3493779492681	9.14576342074765	1.24442687311495
AT3G45740	AT3G45750	0.00715661987338288	26	0.701537227745309	1.70415531129581e-22	4.37715072688715	1.54383613235483	0.352703443103213
AT3G45880	AT3G45890	0.011666059059424	32	0.591796436675654	7.06004527037824e-15	0.794204485378472	2.54275962630316	3.20164349750736
AT3G45890	AT3G45900	0.199400599400599	499	0.661468551850513	2.41911020793743e-19	2.54275962630316	4.79174585306642	1.88446670440217
AT3G46640	AT3G46650	0.479401940512168	1507	0.363884530271161	7.91891838793547e-06	0.810481597888924	1.12414658323201	1.38701061956261
AT3G47060	AT3G47070	0.133254716981132	339	0.659567938010478	3.32076681140752e-19	4.420972968179	31.1464312453182	7.04515306234668
AT3G48320	AT3G48330	0.041708043694141	63	0.551480426995628	9.47411959619505e-13	15.8787060893555	5.17471223818313	0.325890044759509
AT3G49080	AT3G49100	0.174097664543524	410	0.697841700516235	3.499022287794e-22	4.0484107409258	4.59939912267278	1.13609992093366
AT3G50100	AT3G50110	0.0236866079562709	78	0.553297230307773	7.70424218051126e-13	1.39981873119399	1.18841115849357	0.848975036560556
AT3G50430	AT3G50440	0.0353503846953629	85	0.567557030091806	1.4541382664343e-13	2.12248309380326	37.7295081135183	17.7761171449008
AT3G51390	AT3G51400	0.0540383497966299	93	0.437981638232329	4.48898293020694e-08	4.28196806714456	0.515801607266315	0.12045900370534
AT3G52030	AT3G52040	0.0236842105263158	36	0.768954052137132	3.49410780108291e-29	4.95074336772263	17.2311437152884	3.48051644680883
AT3G52105	AT3G52110	0.0575875486381323	74	0.509664538102069	7.97736640433983e-11	11.1709882842806	0.693131743228167	0.0620474863628239
AT3G52210	AT3G52220	0.0147674132414472	30	0.671716778709001	4.20976137297125e-20	2.32124406666478	12.4791667307171	5.37606833763393
AT3G52380	AT3G52390	0.0562483417352083	106	0.533048732308588	7.20756672614315e-12	37.8888583221206	1.30680287097884	0.0344904261793471
AT3G53090	AT3G53100	0.144927536231884	610	0.332564859602828	4.94695087549996e-05	3.85517166176087	4.59421211470688	1.19170104934016
AT3G53530	AT3G53540	0.0131351538195645	38	0.394867715694946	1.05925730162666e-06	0.816856982468231	3.95694350307391	4.84410807277124
AT3G54080	AT3G54085	0.279128512788128	442	0.602673969316436	1.67015051864565e-15	4.15485871109192	5.44032594229348	1.30938891562542
AT3G54110	AT3G54120	0.0399352401511063	74	0.555798337571586	5.78366397547484e-13	12.6698063794267	1.5172034392027	0.119749536320172
AT3G54910	AT3G54920	0.158163265306122	496	0.378461544014203	3.15328884019056e-06	1.42043105528426	15.0399619581903	10.5883083182664
AT3G55310	AT3G55320	0.00869009584664537	34	0.418888389834519	1.92239982166902e-07	3.89995632442884	4.20331692738569	1.07778564109978
AT3G55470	AT3G55480	0.0223880597014925	81	0.518390724304038	3.32292376656584e-11	10.3582894704694	6.20763244231813	0.599291269086036
AT3G56030	AT3G56040	0.00249765844520762	8	0.405219937984291	5.16031968879049e-07	1.41782023089851	10.9265978267023	7.70661723438505
AT3G56250	AT3G56260	0.113367687177933	187	0.559315207975456	3.84890642806953e-13	0.418908449165533	6.77214950239783	16.1661802617922
AT3G56840	AT3G56850	0.0499092558983666	110	0.783442232940305	6.34418651618106e-31	5.08290966134167	6.30426938728842	1.24028751390879
AT3G56900	AT3G56910	0.0235960358659745	50	0.686338002034815	3.06786475669329e-21	2.32581065400636	90.2805304395313	38.8168014812458
AT3G58100	AT3G58110	0.359335500180571	995	0.610032364593872	6.10348789844502e-16	0.472670908542053	8.01612775163309	16.9592154007504
AT3G58130	AT3G58140	0.0340575455079272	87	0.689131236518402	1.82774615619425e-21	3.27250509856748	20.3411105154009	6.21576129073263
AT3G58510	AT3G58520	0.00905469032959073	25	0.620348897360534	1.42304071966186e-16	9.70105354517643	1.28202240908905	0.132152905158068
AT3G58520	AT3G58530	0.000869376222560313	2	0.78009815756663	1.64404071814749e-30	1.28202240908905	4.77492208456849	3.72452310561511
AT3G58590	AT3G58600	0.0035799522673031	9	0.758138988436016	5.78411806600344e-28	0.907314836003709	8.26505486682639	9.10935712594543
AT3G58710	AT3G58720	0.212496226984606	352	0.535979635236983	5.26272897947235e-12	2.57378174632774	5.07553062632069	1.97201283036622
AT3G59300	AT3G59310	0.125871908687381	397	0.454329525525801	1.20095515076267e-08	9.78002862865748	12.1985434461135	1.2472911797384
AT3G59400	AT3G59410	0.159581646423752	946	0.486173245493079	7.48040409991469e-10	101.217671459791	3.94531159530477	0.0389784860529227
AT3G59940	AT3G59950	0.00125786163522013	3	0.512940256398345	5.75899198032929e-11	67.9902762688884	9.45778202305712	0.139104921204518
AT3G59970	AT3G59980	0.0241340782122905	54	0.403942099912725	5.64679452052197e-07	60.7935172853279	9.49454752223203	0.156176973239933
AT3G60150	AT3G60160	0.0641339343206697	249	0.44039830101667	3.71008787797642e-08	1.33446804717756	2.4635844905011	1.84611725676883
AT3G61160	AT3G61170	0.0446868402533427	127	0.356813735585099	1.21826767787584e-05	3.27079555764712	0.3089551883233	0.0944587281222645
AT3G61530	AT3G61540	0.164902280130293	405	0.804014787139615	1.21988894628843e-33	3.3198308471911	6.87405719103293	2.07060465048966
AT3G61560	AT3G61570	0.216146208087495	751	0.617502813079619	2.13791944034552e-16	5.24521460510431	2.75134592882723	0.524544015062757
AT3G61610	AT3G61620	0.00661736084079408	17	0.625974048204342	6.28770546443042e-17	1.5458165452732	3.10927831118553	2.01141482195483
AT3G62080	AT3G62090	0.0969162995594714	231	0.52317784312315	2.03346923085243e-11	3.34597795522455	1.91170546376987	0.571344309302713
AT3G62140	AT3G62150	0.0131444428216737	45	0.484436798172067	8.76793527408846e-10	5.57289481005813	5.45255916716175	0.97840697752285
AT3G63490	AT3G63500	0.00865656733810554	26	0.746250745083492	1.07236763869504e-26	81.9176834527249	20.9370654754688	0.255586640063518
AT4G00490	AT4G00500	0.0138257949832115	35	0.607247481966008	8.96113042311675e-16	13.6930671739211	4.62918877426513	0.338068068714478
AT4G00750	AT4G00752	0.0321524263173564	108	0.670118421425179	5.55500183702102e-20	5.26712892926554	4.96280928537648	0.942222860314243
AT4G00850	AT4G00860	0.000646412411118293	1	0.486595317748159	7.1961774855209e-10	2.75271550928415	34.6790925114931	12.5981389629731
AT4G01026	AT4G01030	0.261617900172117	532	0.3970544913176	9.11809145978847e-07	38.2290211693336	1.1414593418561	0.0298584506466975
AT4G02200	AT4G02210	0.267196424137075	538	0.369337269472791	5.64083969647496e-06	19.79439612215	3.9805892276733	0.201096775224125
AT4G02400	AT4G02405	0.041159627773801	115	0.589253618590373	9.81279614852534e-15	4.01131845274243	8.18363710031698	2.04013647800065
AT4G02610	AT4G02620	0.0290697674418605	55	0.817936825385547	1.14370532936299e-35	5.18684131164267	31.3678919982915	6.04759045314946
AT4G03070	AT4G03080	0.0186785614719822	67	0.43221546465324	7.03136155433152e-08	4.50484308383596	10.9501355240797	2.430747380163
AT4G03180	AT4G03190	0.00911161731207289	18	0.597205090770806	3.47110358406706e-15	5.56948566836045	5.37640451127279	0.965332318173556
AT4G03260	AT4G03270	0.256394732859089	847	0.433956515161072	6.14574760897539e-08	22.9907890457029	0.832037070675775	0.0361900180555695
AT4G03410	AT4G03415	0.0423589556326456	116	0.665258899116752	1.2772494800366e-19	7.70790859494082	10.6161685031721	1.377308562032
AT4G03500	AT4G03490	0.248458764685355	1068	0.50463214729247	1.30723968933117e-10	0.436199532897236	0.977597928127844	2.24117142362497
AT4G05450	AT4G05460	0.195064072140484	411	0.689124638905705	1.82999594150225e-21	2.9786162523886	3.73638849222613	1.25440411776101
AT4G08455	AT4G08460	0.0127493316882583	31	0.6231985553504	9.42781375163403e-17	4.69915419107814	9.40383930696338	2.00117700432507
AT4G09000	AT4G09010	0.0106951871657754	23	0.730784561558505	3.78738651581883e-25	194.675634588102	65.4134345531095	0.336012437773799
AT4G09750	AT4G09760	0.0285536933581626	69	0.537362166481382	4.53240121233972e-12	6.10023644808229	33.9679923937985	5.56830750461761
AT4G10100	AT4G10110	0.105216228265716	118	0.745256385493519	1.3589877014413e-26	19.9861308628852	5.57665853202494	0.279026419384702
AT4G10620	AT4G10630	0.0101896405321257	18	0.425180608552972	1.20213894581418e-07	3.77224054365254	0.257338661453683	0.0682190487260152
AT4G10750	AT4G10760	0.0505747126436782	121	0.739895201508074	4.78356797560232e-26	5.5636267170112	5.28352267414681	0.94965441480681
AT4G11660	AT4G11670	0.0838029449191056	461	0.529429549012037	1.05837165514927e-11	7.28167419158703	3.48601204046427	0.478737711787748
AT4G11890	AT4G11900	0.01365886972853	40	0.394942222770004	1.05387995592947e-06	11.1767976137678	6.48685814180533	0.580386114696638
AT4G12010	AT4G12020	0.00784190715181932	50	0.623695857416641	8.77040036230389e-17	3.77867971631628	4.05008634869078	1.07182578380554
AT4G12390	AT4G12400	0.0627284972099288	163	0.532281956600712	7.82174298117152e-12	4.33382518238666	0.829815127016359	0.191474065541189
AT4G13360	AT4G13370	0.000763067531476536	2	0.485716660890874	7.80006349295871e-10	15.1558900697406	0.664326285738428	0.0438328783516836
AT4G14180	AT4G14190	0.189217758985201	716	0.410422946609845	3.56186763240298e-07	0.132810037458928	5.15999854953606	38.852474167337
AT4G15475	AT4G15480	0.044126917419626	105	0.37040193292573	5.27551275129478e-06	5.28761846905989	0.717087301233859	0.135616309200416
AT4G15720	AT4G15730	0.00194789383978573	8	0.543855722495537	2.22638957179407e-12	0.260462604288802	0.820463438093396	3.15002393657887
AT4G16310	AT4G16330	0.0800910988802429	422	0.68058185781187	8.75961687366815e-21	3.49715794308545	7.58077488777153	2.16769588652985
AT4G16430	AT4G16440	0.036128456735058	81	0.813122604106897	6.00799726422544e-35	9.87056451316326	4.4721640740292	0.45308088185485
AT4G16510	AT4G16515	0.343630329333674	673	0.454825350096233	1.15261634382328e-08	1.90695632202012	4.85523988606048	2.54606769436498
AT4G16695	AT4G16700	0.147439983004037	347	0.497554901523113	2.58320836738882e-10	4.16654880253698	1.12144708084827	0.269154913093884
AT4G17010	AT4G17020	0.0128410914927769	36	0.603639054519523	1.46574381605358e-15	3.63067231892112	3.58303726417557	0.98687982539837
AT4G17350	AT4G17360	0.0122780092085069	28	0.587452355192455	1.2368748198529e-14	0.963579749885112	3.92653406305974	4.0749445632579
AT4G17540	AT4G17550	0.111445086705202	241	0.53299509720108	7.24896166945902e-12	2.15288771234667	13.0169880414055	6.04629213439881
AT4G17600	AT4G17610	0.0768325487558843	457	0.535888319019037	5.31479031994324e-12	24.665657815578	0.789253754541517	0.0319980825341318
AT4G18050	AT4G18060	0.171985815602837	776	0.435461618525456	5.46723863801427e-08	1.29425033126662	7.85406105718523	6.06842499279013
AT4G18370	AT4G18372	0.0499178981937603	76	0.58983540778757	9.10308278383859e-15	6.32334590349189	3.38104382445798	0.534692214542762
AT4G18480	AT4G18465	0.00779180302321957	25	0.693682568496512	7.7615213966285e-22	89.6765961069136	3.24025246499962	0.0361326433614468
AT4G19645	AT4G19650	0.313015272334099	1158	0.518816691868207	3.18182697487773e-11	1.17859719816139	0.769953383084462	0.653279495560986
AT4G19850	AT4G19860	0.0261574679571018	50	0.332199261322238	5.04815206950153e-05	0.398139918713262	31.3353001848316	78.7042411775824
AT4G20325	AT4G20330	0.0484500102648327	118	0.660181399575897	2.99874555663098e-19	0.528150703645312	11.0901678875678	20.9981124914217
AT4G20760	AT4G20770	0.00385170919595571	8	0.459496148040555	7.80199656499948e-09	6.85141747109725	0.185026474055623	0.0270055758295504
AT4G21180	AT4G21190	0.0420443587270974	109	0.564478668444431	2.09829638613488e-13	11.0432633330165	4.9445974850279	0.447747856400818
AT4G21800	AT4G21810	0.0204127920163302	45	0.744399325020053	1.66533327599662e-26	13.0874804766778	18.6039277847879	1.42150567620258
AT4G21860	AT4G21865	0.010388190267906	19	0.35574889023841	1.29877170902074e-05	28.4283137620295	1.94857190690822	0.0685433516465141
AT4G22270	AT4G22280	0.0283886445421831	71	0.518031977629942	3.44643622132364e-11	3.93857945908686	2.64700272157601	0.672070412460258
AT4G22310	AT4G22320	0.0128093158660844	22	0.473516553236843	2.33309126508008e-09	33.0652556646427	0.965533512827259	0.0292008482444526
AT4G23000	AT4G23010	0.000472757357286373	2	0.403760671143903	5.71931282306317e-07	0.618972132638754	33.1851146033916	53.6132611688339
AT4G23530	AT4G23540	0.107295061418902	428	0.649894577707783	1.60818971919703e-18	6.11029758015999	4.61785803927956	0.755750105244245
AT4G24010	AT4G24015	0.0391783948269304	103	0.404099101646646	5.5847484100335e-07	3.90050668416602	2.3784117795359	0.60976995352706
AT4G24480	AT4G24490	0.00928239914316316	39	0.634448547745093	1.77954697455248e-17	2.18917857168927	7.96205962985292	3.63700784066648
AT4G25610	AT4G25620	0.00768	24	0.627355406966453	5.13192678624551e-17	1.30873632161408	17.2283768844615	13.1641313837867
AT4G25660	AT4G25670	0.169593577521325	338	0.639753532891867	7.91478089250865e-18	14.1376803823528	27.3619805269721	1.93539391095066
AT4G26300	AT4G26288	0.046831955922865	136	0.337508086791341	3.75257557717853e-05	9.11342081385608	3.81976987535177	0.419136782265576
AT4G26970	AT4G26980	0.00996805111821086	39	0.614694273036962	3.1819014507786e-16	18.0830655104675	2.68184677259053	0.148307087149473
AT4G28010	AT4G28020	0.0150666409117249	39	0.383009170961583	2.3442055094496e-06	0.589202513013153	0.994550001447618	1.68795953764952
AT4G28220	AT4G28230	0.0176574455562095	45	0.422171601002618	1.50651835864304e-07	6.50946207248279	1.18331788396098	0.181784281217825
AT4G28310	AT4G28320	0.0163265306122449	24	0.439784401341504	3.89466002985106e-08	1.83440380279281	2.05652844676949	1.12108819423428
AT4G28640	AT4G28650	0.00300638857572341	8	0.499789517105908	2.08684514581286e-10	2.49006764912308	0.123229341387777	0.0494883508209803
AT4G28760	AT4G28770	0.0403371462974112	134	0.724798526053006	1.40952889204975e-24	8.28457751902259	16.7744768340669	2.02478361697386
AT4G29210	AT4G29220	0.00858062209510189	24	0.645526554994209	3.21839543899426e-18	20.8958630230684	20.0778997082986	0.960855250923743
AT4G29350	AT4G29360	0.0110887096774194	22	0.587862323812181	1.17354302385245e-14	135.971461688718	2.26023143049871	0.0166228368984743
AT4G31150	AT4G31160	0.00272736808979335	13	0.742125087746464	2.84494623931911e-26	2.93953691712444	3.93519199475608	1.33871154052579
AT4G32175	AT4G32180	0.0042679312388856	18	0.708219744698981	4.51023182881818e-23	3.79701313769337	9.06032161486928	2.38617073112717
AT4G32660	AT4G32670	0.00118483412322275	4	0.724103096845659	1.63834606190246e-24	8.19471038104501	3.32178546567678	0.405357274536551
AT4G32680	AT4G32690	0.0304701864985553	58	0.588961263760093	1.01894829330745e-14	12.7745486381235	2.10092997607738	0.164462168926072
AT4G33630	AT4G33640	0.0115884115884116	29	0.737145130123774	9.01397802990949e-26	17.3377513303772	22.2569499742946	1.28372760401163
AT4G35040	AT4G35050	0.121137712297933	296	0.775016536242649	6.77079315183892e-30	8.7101470429198	2.38424091726174	0.273731419861598
AT4G35410	AT4G35420	0.0270839602768583	45	0.429223950578178	8.84568322544812e-08	3.22631893881059	2.69650588571294	0.835784042698217
AT4G35850	AT4G35860	0.0192552225249773	53	0.724993345860276	1.35125065138571e-24	6.84537974217551	18.2230663063381	2.66209720902156
AT4G36130	AT4G36140	0.0394240178945897	141	0.520998967191423	2.54522818923823e-11	38.8754421871271	2.06199183655269	0.0530409873314696
AT4G36940	AT4G36945	0.0300638857572341	80	0.630092252481134	3.42140150901092e-17	4.82185427129528	7.39833713725199	1.53433445330246
AT4G36960	AT4G36970	0.00918580375782881	22	0.729043184863418	5.57104888614189e-25	7.71749771042564	7.32974538124098	0.949756728963994
AT4G37190	AT4G37200	0.0268804527234143	57	0.646701305751423	2.67354466806927e-18	10.5461688906064	25.8003512669523	2.44641931440459
AT4G37490	AT4G37480	0.0210567362058881	54	0.431696010497127	7.31845305168252e-08	0.357782311562125	4.26722745191406	11.9268821124297
AT4G38150	AT4G38160	0.00899947061937533	17	0.57661727283802	4.83239018174092e-14	4.44549139992691	11.2834755653236	2.53818409490323
AT4G38225	AT4G38230	0.0528455284552846	117	0.543381775552458	2.34616547410722e-12	24.1897357643427	1.668614946615	0.0689802882871774
AT4G38250	AT4G38260	0.0419099965647544	61	0.541258759752993	2.96390047050062e-12	39.1526475329482	8.59077654407757	0.219417512873124
AT4G38500	AT4G38510	0.00748309109224349	26	0.833008094260937	4.54671501877613e-38	8.46647698921761	24.5033786110468	2.89416467348258
AT4G39620	AT4G39630	0.0239865675221876	50	0.328316777993389	6.24952247497866e-05	4.91038337585621	0.395055366437517	0.0804530596083308
AT4G39960	AT4G39970	0.0178533475026567	42	0.691306705984672	1.21611996530068e-21	16.9364543115566	31.4116877646218	1.85467909556417
AT4G39990	AT4G40000	0.0334909377462569	85	0.586627645490826	1.37450965743426e-14	19.2534326713535	0.656521898792154	0.0340989531580501
AT5G01920	AT5G01930	0.123236822568671	249	0.541425764978413	2.91007744995123e-12	14.7570314282298	1.25943774688509	0.0853449254350587
AT5G02120	AT5G02130	0.0470354421994038	71	0.352485932471291	1.57786519319693e-05	75.5075725051889	2.73684775442474	0.0362460037268006
AT5G03190	AT5G03200	0.0295246530853262	50	0.517997560145533	3.45851672389588e-11	25.448819032446	10.8546236526285	0.426527597952163
AT5G03330	AT5G03340	0.124812930260401	417	0.563685513353546	2.30481038274629e-13	6.50619684514054	12.7708031855619	1.96286763058827
AT5G03420	AT5G03430	0.0087498342834416	33	0.686099962264616	3.20543872712332e-21	9.0687308623942	10.09636985245	1.11331673699978
AT5G03905	AT5G03910	0.0489375402446877	114	0.618886966955815	1.75486546373865e-16	3.07628458906935	11.5502656403553	3.75461544793212
AT5G04510	AT5G04520	0.0251689582847821	54	0.636927281803796	1.22109658332457e-17	7.21453354382355	3.49005448341369	0.48375331020556
AT5G04750	AT5G04760	0.023721881390593	29	0.729713742597371	4.80345496371069e-25	14.0247507396238	20.4978111490945	1.4615454869499
AT5G05190	AT5G05200	0.00832033281331253	24	0.575548666404776	5.51261339572455e-14	30.7399934537076	39.7393816654912	1.29275829955319
AT5G05365	AT5G05370	0.0460251046025105	44	0.472393476943614	2.57515475867699e-09	3.05097778822551	6.07182301297188	1.99012363721709
AT5G05470	AT5G05480	0.012273212379936	23	0.687573951794123	2.44132234054454e-21	5.34353140981863	4.92096041147134	0.920919151411588
AT5G05830	AT5G05840	0.00823384108686702	20	0.653943619476782	8.36773926106099e-19	5.7987979135111	0.243450922826241	0.0419829982795235
AT5G06260	AT5G06265	0.0185185185185185	52	0.603149946347215	1.56608905021287e-15	11.4772816004825	2.2506705483434	0.196097876368981
AT5G06930	AT5G06940	0.138002980625931	463	0.428428697718253	9.39878250826667e-08	1.11267459861314	0.406935480109816	0.365727303038127
AT5G07110	AT5G07120	0.0172413793103448	30	0.56210932906502	2.77543063741505e-13	7.02798263966273	5.70002302943434	0.81104682832681
AT5G07240	AT5G07250	0.00194884287454324	4	0.439045512074764	4.12850363860161e-08	7.29090625371314	8.04653744565239	1.10364022875132
AT5G07830	AT5G07840	0.0190939722950206	51	0.740629254383904	4.0338235059647e-26	11.8775425421644	10.0271937293159	0.844214507649217
AT5G07940	AT5G07950	0.029706390328152	129	0.730670464285119	3.88472913545604e-25	6.90622162543108	3.85456492608319	0.558129341214501
AT5G08270	AT5G08280	0.0308672219500245	63	0.670775618180802	4.95745596426381e-20	1.29687078566732	57.3571088413898	44.2273119845753
AT5G08360	AT5G08370	0.0318861908265882	65	0.503222100488544	1.49910302016146e-10	0.319422335141263	6.47715986369207	20.2777299866259
AT5G08400	AT5G08390	0.18537028623353	816	0.676692447541004	1.75600996632321e-20	2.38640966776537	4.11830698013828	1.7257334462589
AT5G08510	AT5G08520	0.157384987893462	455	0.615353090174753	2.89955241717363e-16	1.64040970788728	7.31534264079395	4.45946071010243
AT5G08780	AT5G08790	0.010126582278481	18	0.369167311910256	5.70133105207201e-06	3.51232354544726	61.4329249552491	17.4906793637732
AT5G09920	AT5G09930	0.0385714285714286	81	0.356615523153999	1.2328867345366e-05	17.3315284747518	1.89679125929048	0.109441660731405
AT5G09990	AT5G09995	0.0578468130690948	54	0.356780185778558	1.22073056610815e-05	6.13933970159794	9.56708124592771	1.55832413760027
AT5G10050	AT5G10030	0.0101367279585101	43	0.706718478940666	6.09966172081115e-23	5.86890684002703	1.78898932455429	0.304824965418271
AT5G10540	AT5G10550	0.371566532098472	2347	0.720005299940074	3.93875237789639e-24	4.74500856365591	15.6712607450432	3.30268334288714
AT5G10610	AT5G10620	0.087218045112782	145	0.689674770805445	1.65140587371762e-21	4.08490234628675	0.560261419945245	0.137154177126053
AT5G10830	AT5G10840	0.0107214652669198	24	0.575219211430484	5.74049521285597e-14	1.28614184747607	34.6767147225162	26.9618120198529
AT5G11010	AT5G11020	0.00875656742556918	25	0.597658825642544	3.26841568968272e-15	4.26968081347037	1.4167373439228	0.331813408499564
AT5G12110	AT5G12120	0.315302634224814	784	0.512319343523687	6.12753737361945e-11	1.96715623670385	17.5764628041099	8.93496026200787
AT5G12350	AT5G12360	0.027641196013289	104	0.588092280616319	1.13941289755525e-14	5.52298194827015	0.361010322099203	0.0653651099135449
AT5G12970	AT5G12980	0.0104065040650407	32	0.377470335815232	3.36181786076933e-06	0.175662018357932	3.36544085878814	19.1586143108675
AT5G13260	AT5G13270	0.0202214732787675	63	0.784854019266924	4.22261920023827e-31	6.68521320740775	2.20985549374393	0.330558715957665
AT5G13560	AT5G13565	0.00754199520054851	22	0.401566494887723	6.66971951147985e-07	7.46029160778747	22.5503629919736	3.02271870558441
AT5G13690	AT5G13700	0.0790058862001308	302	0.356093929154217	1.27215194812815e-05	5.7235639519012	3.02035816791846	0.527705847842443
AT5G13840	AT5G13850	0.0728980322003578	163	0.522337058189881	2.21788390433801e-11	1.00369073330955	20.8310792567182	20.7544800060376
AT5G14430	AT5G14440	0.00041211621677313	1	0.674573941684156	2.55334856115233e-20	19.6294882721488	8.5134916402797	0.433709301141539
AT5G14760	AT5G14770	0.00972660357518402	37	0.436150752010548	5.18111310904922e-08	2.2332268624592	1.57475464537666	0.705147637191933
AT5G15440	AT5G15450	0.0233826968043648	75	0.681250657033468	7.76386962749495e-21	4.98255804852907	35.1581893020654	7.05625282427862
AT5G16030	AT5G16040	0.00226415094339623	6	0.428242864310564	9.53272356152641e-08	27.5876799126572	2.28155435793013	0.0827019294537834
AT5G16300	AT5G16310	0.0130576713819369	42	0.56222184872669	2.73894856249238e-13	7.90664161273408	3.68413270937789	0.465954180020552
AT5G16350	AT5G16360	0.0980638672366105	195	0.534505081068661	6.16720345324497e-12	1.98161929071305	22.0235015188995	11.1138913625406
AT5G16930	AT5G16940	0.143253234750462	310	0.439067047693453	4.1215014577869e-08	1.91224319463352	3.51644734268167	1.83891220141358
AT5G17360	AT5G17370	0.0225663716814159	51	0.716764641552949	7.79578680147118e-24	1.67049467946748	3.33152485917683	1.99433431313823
AT5G17522	AT5G17523	0.590609235545208	761	0.692623860402409	9.48607774567926e-22	1.47254104456048	8.07771174508957	5.48555965548694
AT5G18960	AT5G18970	0.183869619724196	440	0.518945785932783	3.14022361835948e-11	6.20273936365617	0.848982637315444	0.13687220880018
AT5G19140	AT5G19150	0.687215765538151	2720	0.609129182813627	6.91589187806675e-16	278.514023094829	2.91521603663951	0.0104670350320096
AT5G19210	AT5G19220	0.0075214899713467	21	0.615059328347734	3.02229574409153e-16	3.97214574796128	81.3726902138908	20.4858268998955
AT5G20500	AT5G20510	0.00415416570505424	9	0.627173579317804	5.27128933755955e-17	42.4049034216185	1.55636907196823	0.0367025732022957
AT5G20590	AT5G20600	0.00832238282961016	19	0.850231615956809	4.00337863069384e-41	3.67518548474423	8.91925629462403	2.42688602565722
AT5G22830	AT5G22840	0.00287459575997125	8	0.748161093104381	6.7820284111963e-27	13.0971621797336	4.23932340351362	0.323682592101785
AT5G24165	AT5G24170	0.00605326876513317	10	0.638668640529415	9.3531009531237e-18	34.1088205540164	2.82219138840949	0.082740808464489
AT5G24620	AT5G24630	0.00996624336923324	31	0.339192668842919	3.41164956017011e-05	26.6999916619462	1.23624055858768	0.0463011589756266
AT5G24680	AT5G24690	0.0237585199610516	61	0.593631153730491	5.55722933726871e-15	2.59359496920087	38.6454565149396	14.9003437213047
AT5G25080	AT5G25090	0.01968787515006	41	0.509207341133305	8.34625064937713e-11	3.39420485946748	1.45828285446376	0.429639021462174
AT5G25500	AT5G25510	0.0372514472690662	74	0.554035599881099	7.08068448611414e-13	0.911233536761897	10.7290206081208	11.7741722349759
AT5G26030	AT5G26040	0.0129130269654387	34	0.554007166738848	7.10376210378191e-13	148.315328903732	4.87779391957039	0.0328879958371427
AT5G26980	AT5G26990	0.168629298162977	537	0.487860231789894	6.40541142097168e-10	1.51527774037411	3.7166256431233	2.45276858762915
AT5G27430	AT5G27440	0.42255602068456	858	0.336673470781073	3.93310098982494e-05	7.52969566098633	0.480802328220893	0.0638541515976639
AT5G27550	AT5G27560	0.0133012593745578	47	0.605809252573025	1.09108962204966e-15	1.02694207400862	12.5703262485535	12.2405406952369
AT5G27850	AT5G27860	0.138753387533875	256	0.640539506260604	7.01005754835148e-18	83.9491508406682	15.1630723151064	0.180622104729627
AT5G35360	AT5G35370	0.0145373217780263	52	0.466673288877179	4.23425693382442e-09	20.5324678532305	4.95904589042323	0.241522155343006
AT5G35670	AT5G35680	0.00972348830142814	16	0.466870265067798	4.16299506131016e-09	1.02703620035557	42.4397899080972	41.3225842413386
AT5G38600	AT5G38610	0.0163198694410445	40	0.339197157859717	3.41078125170018e-05	3.17143831488834	1.27282996157101	0.401341547649121
AT5G38630	AT5G38640	0.197982105463545	520	0.656855453514529	5.19848856370827e-19	5.26392563201387	6.15173657620376	1.16865947702423
AT5G38895	AT5G38900	0.00224014336917563	5	0.457922305963137	8.90423614495772e-09	5.54922142681314	6.905251199761	1.2443639690418
AT5G39590	AT5G39600	0.0137748344370861	26	0.760755461929116	2.97356699440563e-28	43.8337660271593	9.31694175383474	0.212551706099403
AT5G40440	AT5G40450	0.02465544705312	178	0.507199993629227	1.01705115462376e-10	4.31104752190744	20.1749499539289	4.67982546037963
AT5G40570	AT5G40580	0.0273446869752938	57	0.483933153733985	9.17973690675973e-10	1.4556808574959	15.4235960505944	10.5954515862265
AT5G41980	AT5G41990	0.0144829146865807	32	0.443975593695552	2.79051405595579e-08	1.17136574537897	13.9198966372252	11.8834759272577
AT5G42310	AT5G42320	0.00656077348066298	19	0.637060100541688	1.19658633181304e-17	16.6170270490041	5.49043586415731	0.330410238122971
AT5G42810	AT5G42820	0.0495679112995271	152	0.771949452212034	1.56296146006217e-29	5.43209900300444	8.9348696813819	1.64482821031798
AT5G42980	AT5G42990	0.103244005641749	183	0.712527930329829	1.8763342655231e-23	232.491756228632	10.9021263729055	0.0468925287922226
AT5G43860	AT5G43870	0.273239436619718	873	0.40581423284422	4.94794297499944e-07	2.85589875989622	1.48746952235359	0.520841124777
AT5G43940	AT5G43950	0.011125945705385	25	0.69090246372006	1.31211818271992e-21	81.4603633521918	2.6280301255868	0.0322614584251801
AT5G45010	AT5G45020	0.115188335358445	237	0.560861066839731	3.21318315712922e-13	13.812242351856	1.66963945143335	0.120881129138962
AT5G45400	AT5G45410	0.140744899868987	376	0.701640946106181	1.66982600034912e-22	1.04103014919863	46.2613268077994	44.4380278932468
AT5G46330	AT5G46340	0.0394495412844037	172	0.431292915605249	7.54893979019512e-08	4.13107367176717	9.32780162190454	2.25796060855878
AT5G46700	AT5G46710	0.211592836946277	449	0.469729207042957	3.25005457730145e-09	2.69733304330985	17.064945784432	6.32659946340624
AT5G47435	AT5G47440	0.206538895152198	458	0.428128254997003	9.61623842469784e-08	11.257408485995	0.763584297214999	0.0678294918555147
AT5G47640	AT5G47650	0.0270935960591133	44	0.674279339708257	2.68913366854241e-20	29.826716319779	4.5590450411574	0.152851054480113
AT5G47860	AT5G47870	0.0210719193770041	46	0.425385666617024	1.18369564042399e-07	22.8027906812206	7.31082099147495	0.32061080126898
AT5G47960	AT5G47970	0.137429935644592	331	0.613493977696693	3.76676757681913e-16	2.36490683248202	2.95055160930576	1.24763968236715
AT5G48730	AT5G48740	0.0246134427264121	78	0.539330933402778	3.65950833741716e-12	4.31676059334519	0.148896466920715	0.0344926394922752
AT5G48800	AT5G48810	0.00171086398631309	3	0.788652287449842	1.39076219752801e-31	3.56716451350843	151.209407114336	42.3892440457188
AT5G48965	AT5G48970	0.00589765828274068	17	0.711431722460105	2.34902502899608e-23	2.45059298487902	4.27466531046159	1.74433916070017
AT5G49530	AT5G49540	0.00750133952491516	21	0.656503445966689	5.50794445098585e-19	4.00117817926792	15.2051384220646	3.80016528652734
AT5G51110	AT5G51120	0.078564500484966	162	0.489453441821165	5.52811855057991e-10	49.1026946764606	8.10579811361747	0.165078478218494
AT5G51130	AT5G51140	0.0584685024519049	155	0.69785573052706	3.48955083763002e-22	1.79507078246471	8.94218061864728	4.98151978518043
AT5G51630	AT5G51640	0.157082748948107	728	0.797326561695168	1.00827903345293e-32	0.955695058352633	6.15096679860396	6.43611866028334
AT5G51970	AT5G51980	0.00855470508779829	19	0.422692615293533	1.44900654523516e-07	30.7446582545133	5.70909745877395	0.185693963859099
AT5G52280	AT5G52290	0.00410593307329091	20	0.489679376708903	5.41351220983445e-10	4.57221570090126	0.086207350668658	0.0188546114855572
AT5G52840	AT5G52850	0.0110414052697616	22	0.60149419337678	1.95797409907307e-15	38.4384639418838	0.822604232291271	0.0214005490316936
AT5G53310	AT5G53320	0.0366830276414363	71	0.410144237624196	3.63388521517982e-07	14.0736848288061	0.308920262528964	0.0219502046753715
AT5G53330	AT5G53340	0.0222222222222222	50	0.676831297493284	1.71326187984697e-20	19.7537828369322	3.71152459799912	0.187889308525756
AT5G53360	AT5G53370	0.0119729307652264	23	0.566826546966969	1.58689064295736e-13	4.63157056295986	37.9292965219655	8.18929475571378
AT5G53430	AT5G53440	0.107550707346174	631	0.894535649376151	3.69066382055517e-51	1.63541746692707	6.34862924416438	3.88196247903197
AT5G53920	AT5G53930	0.0130044843049327	29	0.483426242254586	9.61301968831336e-10	1.32981909875083	4.22886719629854	3.18003193086259
AT5G54270	AT5G54280	0.0148846440089308	60	0.650218533601081	1.52684470252688e-18	3358.08646873496	2.8329935260921	0.000843633287131922
AT5G55200	AT5G55210	0.0395634379263302	58	0.520308947402161	2.73184528801745e-11	5.2190540886969	12.0387810472596	2.30669788867151
AT5G55810	AT5G55820	0.023144996596324	119	0.380412133827548	2.77823400166341e-06	2.50479807664377	0.320305275806189	0.127876685467346
AT5G57150	AT5G57160	0.00165614325639168	8	0.618877909964953	1.75713964737442e-16	9.57188915101949	2.64821878965259	0.27666626178705
AT5G58060	AT5G58070	0.156188328164646	277	0.753371567304169	1.90292932491781e-27	27.0140725786605	90.4124405315273	3.34686450065096
AT5G58210	AT5G58220	0.00158227848101266	3	0.697157665556089	3.99261961788756e-22	4.22745018420086	23.4928913386076	5.55722487905522
AT5G58250	AT5G58260	0.156065088757396	211	0.834522590101461	2.53083435361134e-38	54.1937027643653	17.015849922482	0.313982050580067
AT5G58300	AT5G58310	0.0342275670675301	74	0.591951958339976	6.91865431293689e-15	2.90108587434615	3.7553692475155	1.29447021224833
AT5G58640	AT5G58650	0.00256191289496157	3	0.392403406993205	1.25257656336958e-06	10.5798578865967	25.121119977339	2.37442886725011
AT5G58790	AT5G58800	0.0661596958174905	87	0.56435752916655	2.12863129627898e-13	2.24773323257082	13.7475903958074	6.11620195697498
AT5G59000	AT5G59010	0.104135893648449	282	0.789901747119708	9.60319381904843e-32	2.54092907068248	3.24841086560674	1.2784342951904
AT5G59400	AT5G59410	0.0282594733461785	44	0.598273663214848	3.01205897518115e-15	7.93666378255497	4.37088680148782	0.550720922699933
AT5G59470	AT5G59480	0.0495735607675906	93	0.395840500016518	9.91061112255556e-07	5.93556970366006	13.1932428205134	2.22274246267852
AT5G61920	AT5G61930	0.343888070692194	934	0.693874903522479	7.48300159483948e-22	1.25881327952234	1.20908883586718	0.960498952097148
AT5G61930	AT5G61940	0.198695204303537	868	0.406207188606734	4.81212452842895e-07	1.20908883586718	0.909921943891989	0.752568311690161
AT5G61980	AT5G61990	0.0779083306869906	368	0.605483041011025	1.14075562540709e-15	0.262241843758954	1.93485882772824	7.37814682811151
AT5G62520	AT5G62530	0.136752136752137	392	0.478428763384601	1.50864247980872e-09	65.3382325113217	14.392004144499	0.220269260298787
AT5G62670	AT5G62680	0.00937035767340875	41	0.34594814213632	2.31562534467149e-05	13.1116531979278	39.6574646240243	3.02459682431898
AT5G63050	AT5G63060	0.00980610652997549	22	0.810345776191278	1.53060070935526e-34	12.0366591151746	5.10648171604755	0.424244108534219
AT5G63280	AT5G63290	0.0267474135755741	53	0.611973520765259	4.65963602283333e-16	6.18782263725704	1.70678096887838	0.275829006248791
AT5G63470	AT5G63480	0.173518938167692	268	0.690659106491486	1.37344447067292e-21	12.6085061916043	1.28532812831059	0.101941348862283
AT5G63480	AT5G63490	0.0147991543340381	42	0.384564793894264	2.11593315956946e-06	1.28532812831059	8.09953463852844	6.30153068319939
AT5G63640	AT5G63650	0.0340356564019449	105	0.629687734264211	3.63361469469663e-17	7.11706464747798	1.30547560426833	0.183428937199684
AT5G63960	AT5G63970	0.00488947743709891	24	0.552872287852762	8.08694445616935e-13	1.34244889829009	10.1772977146661	7.58114348160979
AT5G64600	AT5G64610	0.00720331352422114	20	0.877656317639173	7.02698871821082e-47	3.26664686524648	6.94541839620326	2.12616137669941
AT5G64680	AT5G64685	0.0790255496137849	133	0.520612677201197	2.64812385857308e-11	10.1012876064737	3.06523223151817	0.303449654235538
AT5G64960	AT5G64970	0.208722212794841	615	0.759166555025695	4.45854702471475e-28	17.0880873127812	0.92311221505531	0.0540208039763969
AT5G65620	AT5G65630	0.0123171670515781	48	0.711890069397955	2.13867048628415e-23	31.4545783751725	16.4182004817908	0.52196536497688
AT5G66180	AT5G66190	0.0320958083832335	67	0.652181353161648	1.11333506783095e-18	3.99648621937535	240.148086849396	60.0898073125175
AT5G66410	AT5G66420	0.0022688598979013	6	0.748726091368135	5.91787555969309e-27	4.30193668232758	19.721514073697	4.58433387797483
AT5G67080	AT5G67090	0.0216415940881499	41	0.72886825939739	5.7902960282522e-25	8.11590218776584	0.610015334422438	0.0751629726812127
AT5G67130	AT5G67140	0.00161943319838057	3	0.622212316590801	1.08767889638523e-16	10.3295056925123	10.2268427138993	0.990061191535293
AT5G67170	AT5G67180	0.0511497958306469	119	0.525892403807639	1.53393458774807e-11	2.13554317856887	6.18653325478844	2.89693662805467
AT5G67230	AT5G67240	0.0244067796610169	72	0.601254335708195	2.0221384734067e-15	2.90602513947885	5.43621967063224	1.87067193493279
AT5G67380	AT5G67385	0.121185701830863	417	0.728021809848937	6.97646669184268e-25	10.7456461701267	14.7873111205337	1.37612116446222
