id1	id2	overlapp	overlap	cor	p.value	mean1	mean2
AT4G31530	AT4G31540	0.559000193760899	2885	0.826246668701244	5.79798241692583e-37	33.2009434211894	20.6535316717147
AT1G22610	AT1G22620	0.384406165004533	3392	0.81362517063457	5.06409342963752e-35	60.2170202575552	31.419003796097
AT3G49240	AT3G49250	0.410795792816035	2070	0.735062929016401	1.44868919330294e-25	20.2209612745027	8.08903822697746
AT5G17280	AT5G17290	0.150537634408602	574	0.730502176343085	4.03279455938022e-25	13.4429243705986	13.4831713400535
AT5G66520	AT5G66530	0.468296224588577	1935	0.715034822905969	1.11799605635796e-23	5.4937448533204	31.6518622796568
AT5G10530	AT5G10540	0.299704724409449	3045	0.686118162084237	3.19471056164555e-21	1.56747120202661	57.6168508144149
AT3G22670	AT3G22680	0.634214186369958	1824	0.684112586836543	4.6157095392036e-21	2.17283456140173	9.48857308400766
AT1G80160	AT1G80165	0.20430733410943	351	0.6743215080408	2.66927352864563e-20	22.3176328131871	3.13488072745918
AT3G22520	AT3G22530	0.227793331636549	895	0.643854432117216	4.18496440293661e-18	25.3727882424788	22.0793281760829
AT5G52190	AT5G52170	0.150585518720106	913	0.635029588656213	1.62967962430086e-17	11.4328295628839	1.23308406800117
AT4G13160	AT4G13170	0.440519826724425	1322	0.617699079493469	2.07901898595111e-16	8.10329405641033	18.184125409716
AT4G14890	AT4G14900	0.176658905704307	607	0.60984396509864	6.26488111821835e-16	41.3284568530118	37.3099121713397
AT3G15260	AT3G15270	0.499617444529457	1959	0.559348695113749	3.83392191530179e-13	37.9436622601136	5.79689383041901
AT3G12020	AT3G12030	0.0761426857205193	698	0.55087506576577	1.01471278472406e-12	37.7878337561435	10.1866458815568
AT1G07500	AT1G07510	0.0333961079723792	266	0.54001786071124	3.39519609528677e-12	3.79664931752669	51.6023471289625
AT3G18915	AT3G18930	0.193923480870218	517	0.53871579644351	3.91305164118752e-12	0.803737602570627	8.08318380221338
AT3G53235	AT3G53240	0.158507297247367	858	0.528339674637467	1.18712588866284e-11	3.78834694828556	12.4931622037837
AT5G04660	AT5G04670	0.311550688802543	1764	0.526080605774803	1.50410568145143e-11	1.81463119894829	21.9299494110026
AT1G60989	AT1G60990	0.151033862750974	504	0.517642980676885	3.58538429388249e-11	7.59727230812945	23.9099019566099
AT2G01750	AT2G01755	0.124111993313832	594	0.512552595467474	5.98648989506773e-11	10.4767086261818	2.6368634277643
AT3G13530	AT3G13540	0.158401838592769	1792	0.498880567753355	2.27648587496699e-10	37.1749150134861	0.748513549020909
AT3G10400	AT3G10405	0.385457112601483	1092	0.486274971649726	7.41092626641025e-10	3.1096772604295	22.8729507558205
AT1G21270	AT1G21280	0.244176706827309	912	0.485720339578742	7.79743610543789e-10	87.4160933296935	4.25713992222029
AT3G15920	AT3G15930	0.339169811320755	2247	0.484928482295086	8.38313757360071e-10	28.9684937730936	1.68760206247873
AT1G05750	AT1G05760	0.248295102293862	801	0.481475262659018	1.14721477127769e-09	5.56293461844189	1.21513315569128
AT3G05230	AT3G05240	0.512371756185878	1698	0.480191923758153	1.28792640533463e-09	30.9028519826204	0.775933737936049
AT5G04600	AT5G04610	0.393139841688654	1341	0.476948438933068	1.7217173675162e-09	47.5710672731044	0.728811695650568
AT1G12310	AT1G12320	0.369723043828986	1375	0.449653285991362	1.76363163731698e-08	24.3618227231874	5.37641995345834
AT1G56570	AT1G56580	0.322053340980786	1123	0.433756187057488	6.24192412538647e-08	4.63863394355039	80.989705874091
AT3G02780	AT3G02790	0.158725048293625	493	0.433002889998736	6.61665100515835e-08	68.7874941639897	5.04055330905091
AT1G03290	AT1G03300	0.350751366120219	2054	0.408761073363408	4.01234471481205e-07	76.9793333530168	2.34780050669298
AT3G23100	AT3G23110	0.438538205980066	2508	0.393137582402135	1.19172505727339e-06	7.40932120307788	19.6489890450422
AT1G72540	AT1G72545	0.37813720022309	678	0.333601040478878	4.67036552792886e-05	0.751995316912227	0.602110196093498
AT1G19540	AT1G19550	0.268385140257771	708	0.333190885228038	4.77806592279595e-05	3.81407768193695	239.679411650822
AT3G02400	AT3G02410	0.426923804121762	2258	0.329833302466022	5.751486976785e-05	4.33087046657384	1.12472213338457
AT3G01950	AT3G01960	0.365281501340483	545	0.324014659273718	7.89104413718004e-05	0.537879108708779	3.0733840463208
AT3G04440	AT3G04443	0.729058561897702	1967	0.301098637723687	0.000257994479598075	1.02163773309356	1.79392453500129
AT3G10120	AT3G10130	0.236608509335782	773	0.285673123089966	0.000543125435900246	2.13540041182527	57.834291998808
AT5G65610	AT5G65613	0.307498424700693	488	0.278390258483587	0.000760862037852082	0.903991085382999	8.7965294011029
AT3G54420	AT3G54430	0.675698560541914	1596	0.274357199322463	0.000913470373776013	9.32060634400401	3.40878393639017
AT4G10910	AT4G10920	0.29119373776908	744	0.271280519984862	0.00104822989289245	0.510288571767221	22.9357606949582
AT1G31910	AT1G31920	0.273150105708245	1938	0.267562446591119	0.00123526257586718	96.7698788903502	15.7205420482871
AT2G41340	AT2G41342	0.222553191489362	523	0.249177768890623	0.00269036898630172	3.84667996506424	0.737098510197748
AT5G15760	AT5G15770	0.350649350649351	567	0.242738595404275	0.00348827315932661	7.8796963817645	5.47544993788586
AT2G34110	AT2G34090	0.290610197826693	3129	-0.301419458602046	0.000253917833453908	0.755547246806869	31.2917423900745
AT5G53430	AT5G53440	0.107550707346174	631	0.894535649376151	3.69066382055517e-51	14.2668496545196	45.3129452373775
AT1G07950	AT1G07960	0.00549786194257789	9	0.880634337567474	1.37830763831398e-47	9.14224927549731	20.608307426623
AT5G64600	AT5G64610	0.00720331352422114	20	0.877656317639173	7.02698871821082e-47	12.0555798887957	26.755747147912
AT1G54360	AT1G54370	0.012070006035003	40	0.87375183221127	5.58220396973314e-46	29.727983649271	51.8759276319055
AT1G59750	AT1G59760	0.00374041518608566	20	0.859512579763169	6.19894991930406e-43	64.296191577566	36.5536748273944
AT5G20590	AT5G20600	0.00832238282961016	19	0.850231615956809	4.00337863069384e-41	13.0941939983837	18.9140775810147
AT2G21940	AT2G21950	0.023546371936569	49	0.846757674869633	1.77300579077361e-40	18.2243463794928	23.2542263815941
AT1G03030	AT1G03040	0.00869565217391304	23	0.839018810564726	4.29034843535188e-39	17.3133751574008	39.563822275101
AT5G58250	AT5G58260	0.156065088757396	211	0.834522590101461	2.53083435361134e-38	89.0648746220448	26.1386578285812
AT4G38500	AT4G38510	0.00748309109224349	26	0.833008094260937	4.54671501877613e-38	34.0589623274787	133.796510699909
AT2G42120	AT2G42130	0.0212936922458819	53	0.831254349349381	8.89523190251973e-38	12.3533186496738	54.6968631496928
AT4G02610	AT4G02620	0.0290697674418605	55	0.817936825385547	1.14370532936299e-35	15.6178218758555	93.3734730171272
AT2G01680	AT2G01690	0.141451414514145	575	0.814934147733109	3.23675728432889e-35	48.5391894506803	77.9840810366574
AT2G46225	AT2G46230	0.024487756121939	49	0.81341180097776	5.44557008973779e-35	20.1302132209098	24.5394155283172
AT4G16430	AT4G16440	0.036128456735058	81	0.813122604106897	6.00799726422544e-35	22.9059431091403	11.0796688161802
AT5G63050	AT5G63060	0.00980610652997549	22	0.810345776191278	1.53060070935526e-34	41.9320156591459	12.4653341186453
AT3G08010	AT3G08020	0.0180394826412526	53	0.804817435481573	9.41595956877469e-34	73.3813543969059	33.9656611503886
AT3G61530	AT3G61540	0.164902280130293	405	0.804014787139615	1.21988894628843e-33	9.19148103440287	22.9397813034309
AT1G21640	AT1G21650	0.0274905422446406	218	0.802947832762968	1.71792313193348e-33	138.024011018426	21.8479535321434
AT1G68980	AT1G68990	0.00842000990589401	34	0.801162457941621	3.03232664975731e-33	7.47830684309612	30.8073770834549
AT1G69010	AT1G69020	0.12745262451786	380	0.800102270554959	4.23769257573199e-33	19.2271894184685	8.46006273066588
AT5G51630	AT5G51640	0.157082748948107	728	0.797326561695168	1.00827903345293e-32	8.63391412354878	24.3917181647321
AT1G04130	AT1G04140	0.00631521142229544	23	0.797059075919754	1.09533909565891e-32	9.21158227431102	252.036263125177
AT3G21810	AT3G21820	0.0352228948816731	128	0.793642335083276	3.12103379799218e-32	23.2196458113631	10.6835565055502
AT1G21770	AT1G21780	0.300490751226878	398	0.791557845589491	5.85519437038122e-32	46.2584490796596	44.7587593947591
AT1G18630	AT1G18640	0.00971370143149284	19	0.790246356983403	8.66688902834319e-32	9.05854840416248	17.4014931647713
AT5G59000	AT5G59010	0.104135893648449	282	0.789901747119708	9.60319381904843e-32	7.39143633168604	13.4352449983981
AT5G48800	AT5G48810	0.00171086398631309	3	0.788652287449842	1.39076219752801e-31	12.4136896498912	285.030878111411
AT5G13260	AT5G13270	0.0202214732787675	63	0.784854019266924	4.22261920023827e-31	30.6285061876224	7.02610318252564
AT2G26270	AT2G26280	0.0152467567206099	57	0.783490470123088	6.25687096300256e-31	5.20746883862927	137.553270323535
AT3G56840	AT3G56850	0.0499092558983666	110	0.783442232940305	6.34418651618106e-31	14.5278474386675	20.0497461403394
AT3G07170	AT3G07180	0.00712143928035982	19	0.783348359833571	6.5175511374299e-31	29.875230350581	31.9309920406306
AT2G46910	AT2G46915	0.0234403173458348	65	0.781342308648839	1.15586805999387e-30	42.8908578442148	46.2206391796934
AT3G58520	AT3G58530	0.000869376222560313	2	0.78009815756663	1.64404071814749e-30	2.24989264911029	19.2425541089548
AT1G47250	AT1G47260	0.518569463548831	1508	0.779737419001625	1.82007554495391e-30	16.9183999564594	61.585623355612
AT2G30910	AT2G30920	0.00197384653343203	8	0.776735029113758	4.21271699426742e-30	20.9330345638523	12.1239042560098
AT1G31800	AT1G31810	0.00574767698055369	30	0.775894906915104	5.31539853175051e-30	105.745590585881	31.9449542975841
AT2G23460	AT2G23470	0.045632333767927	140	0.775183498752414	6.46692445233888e-30	41.5786462197076	7.9026835433144
AT4G35040	AT4G35050	0.121137712297933	296	0.775016536242649	6.77079315183892e-30	34.1145591822149	7.36433992088685
AT3G33530	AT3G33520	0.00428808108371504	22	0.773220863361022	1.10671395580401e-29	78.0140907563281	28.0674615799731
AT5G42810	AT5G42820	0.0495679112995271	152	0.771949452212034	1.56296146006217e-29	21.5706349917444	37.8740761558147
AT3G52030	AT3G52040	0.0236842105263158	36	0.768954052137132	3.49410780108291e-29	18.0281465648219	12.5630758975031
AT1G53190	AT1G53200	0.000938526513374003	3	0.76645842243335	6.76756091097639e-29	28.5893679448272	11.2053617066017
AT1G47230	AT1G47240	0.0184813177983126	46	0.764077475081145	1.26189111351455e-28	8.81472368635572	11.2596106860285
AT1G21160	AT1G21170	0.0765251662698087	466	0.760861765709678	2.89373988787424e-28	21.8315005123923	28.4165183147562
AT5G39590	AT5G39600	0.0137748344370861	26	0.760755461929116	2.97356699440563e-28	141.836298144924	12.4792856716228
AT2G25605	AT2G25610	0.0270643468655068	49	0.760486702043235	3.18514699382504e-28	16.6897487645287	36.5144622326512
AT3G06950	AT3G06960	0.0238095238095238	45	0.760237482454957	3.39449993314505e-28	9.97386520599057	15.8990358656679
AT5G64960	AT5G64970	0.208722212794841	615	0.759166555025695	4.45854702471475e-28	84.8326533579674	3.28462960372326
AT3G58590	AT3G58600	0.0035799522673031	9	0.758138988436016	5.78411806600344e-28	3.2878408737296	20.1978285651609
AT2G45320	AT2G45330	0.141309467734338	300	0.757367808720596	7.02596305909383e-28	8.89861619928249	22.5325445748452
AT5G58060	AT5G58070	0.156188328164646	277	0.753371567304169	1.90292932491781e-27	70.102379023867	148.934996333157
AT2G34460	AT2G34470	0.0714526457701382	106	0.752994962333057	2.0882169027592e-27	127.216434658401	43.0231884709325
AT2G47820	AT2G47830	0.00203340595497458	7	0.752797785909093	2.19216879733426e-27	8.50038389318909	19.2683839921792
AT1G21370	AT1G21380	0.00125601842160352	3	0.752664091651053	2.26552225818958e-27	24.6810457266303	135.03235547678
AT2G41490	AT2G41500	0.0269476593539471	78	0.752577032868733	2.31457681037105e-27	24.6783014508405	22.0951811198288
AT3G10220	AT3G10230	0.0120593692022263	26	0.749105159643243	5.3996198865205e-27	18.4897912409902	100.157392212246
AT5G66410	AT5G66420	0.0022688598979013	6	0.748726091368135	5.91787555969309e-27	10.6429922881656	78.3555441860986
AT5G22830	AT5G22840	0.00287459575997125	8	0.748161093104381	6.7820284111963e-27	70.1823514299942	12.9154853069115
AT3G10350	AT3G10360	0.011906372615343	44	0.746921298793105	9.13483934651551e-27	60.3937444779594	39.1959966794139
AT3G63490	AT3G63500	0.00865656733810554	26	0.746250745083492	1.07236763869504e-26	224.704666718433	122.192189699203
AT3G32930	AT3G32940	0.0338692390139336	79	0.745449839978184	1.29789335966556e-26	49.1122414872428	21.7386511249154
AT4G10100	AT4G10110	0.105216228265716	118	0.745256385493519	1.3589877014413e-26	25.0148677441162	9.63203015459821
AT1G67430	AT1G67440	0.0213406292749658	39	0.744519163696839	1.61874249639658e-26	230.681553280853	17.6195028110334
AT4G21800	AT4G21810	0.0204127920163302	45	0.744399325020053	1.66533327599662e-26	33.8769711260532	55.6707388503911
AT4G31150	AT4G31160	0.00272736808979335	13	0.742125087746464	2.84494623931911e-26	7.60623175202503	34.7419780325262
AT5G07830	AT5G07840	0.0190939722950206	51	0.740629254383904	4.0338235059647e-26	53.9108350285907	22.4053221432135
AT4G10750	AT4G10760	0.0505747126436782	121	0.739895201508074	4.78356797560232e-26	9.0290051609297	19.8624752856501
AT4G33630	AT4G33640	0.0115884115884116	29	0.737145130123774	9.01397802990949e-26	86.1234585369295	31.829570730287
AT2G32710	AT2G32720	0.295139442231076	926	0.735965020670963	1.18016139087587e-25	19.2077775978582	14.8028876914794
AT1G01040	AT1G01050	0.00399321154038135	20	0.734344718335906	1.70451611420092e-25	108.20121866737	68.5336520424687
AT3G19480	AT3G19490	0.0343229792345976	100	0.734217134085861	1.75437839773467e-25	28.5440847590053	118.850316923245
AT3G13674	AT3G13677	0.0724863600935308	93	0.73391334279113	1.87893096121278e-25	1.78890642924218	6.42317018023171
AT3G20730	AT3G20740	0.0135754907356448	37	0.731207914937902	3.44664893981444e-25	2.50458234140061	19.8650620567403
AT4G09000	AT4G09010	0.0106951871657754	23	0.730784561558505	3.78738651581883e-25	542.324615055384	210.312529893811
AT5G07940	AT5G07950	0.029706390328152	129	0.730670464285119	3.88472913545604e-25	69.5677111857163	8.8788625424822
AT1G27060	AT1G27070	0.006941431670282	16	0.730203186747676	4.3096141514296e-25	5.30924744997556	8.92397966662142
AT5G04750	AT5G04760	0.023721881390593	29	0.729713742597371	4.80345496371069e-25	29.1299323648961	25.969880223085
AT3G23070	AT3G23080	0.0231686541737649	68	0.729488903173984	5.04850732525125e-25	25.785210099271	37.4820121069453
AT3G20790	AT3G20800	0.0303662934143101	80	0.729459403978931	5.08155401067735e-25	27.2922764974275	17.7608567704773
AT4G36960	AT4G36970	0.00918580375782881	22	0.729043184863418	5.57104888614189e-25	29.7014114056497	15.7646201258319
AT5G67080	AT5G67090	0.0216415940881499	41	0.72886825939739	5.7902960282522e-25	15.6191384248489	2.36012949153989
AT5G67380	AT5G67385	0.121185701830863	417	0.728021809848937	6.97646669184268e-25	53.9202331695266	80.8630247559553
AT4G35850	AT4G35860	0.0192552225249773	53	0.724993345860276	1.35125065138571e-24	32.6216132371415	52.387470966306
AT4G28760	AT4G28770	0.0403371462974112	134	0.724798526053006	1.40952889204975e-24	54.8578597627769	40.6435225845151
AT4G32660	AT4G32670	0.00118483412322275	4	0.724103096845659	1.63834606190246e-24	44.5481896221243	16.3926289966052
AT3G14890	AT3G14900	0.00211352657004831	7	0.722494893746186	2.31593388319573e-24	12.2446955390325	8.10811094038283
AT2G33490	AT2G33500	0.0333004091999436	118	0.722379864551007	2.37376416401096e-24	29.1583906888066	11.0438234031046
AT5G10540	AT5G10550	0.371566532098472	2347	0.720005299940074	3.93875237789639e-24	57.6168508144149	46.7628564117347
AT2G33620	AT2G33630	0.0123762376237624	30	0.719790778546235	4.12206631241094e-24	32.1369651132749	67.0815480573858
AT2G07787	AT2G07658	0.651581085001451	1123	0.719419633543485	4.45914994931519e-24	0.565890227422121	1.12803060393265
AT5G17360	AT5G17370	0.0225663716814159	51	0.716764641552949	7.79578680147118e-24	2.33528154803687	16.8185247670691
AT5G42980	AT5G42990	0.103244005641749	183	0.712527930329829	1.8763342655231e-23	581.622213977354	27.434443760988
AT5G65620	AT5G65630	0.0123171670515781	48	0.711890069397955	2.13867048628415e-23	168.38649355541	73.6203171192057
AT5G48965	AT5G48970	0.00589765828274068	17	0.711431722460105	2.34902502899608e-23	7.53119685580844	12.9829501415184
AT3G22780	AT3G22790	0.00020240866309078	1	0.710292387684025	2.96362634828723e-23	25.867907252925	20.7494178532769
AT2G40630	AT2G40640	0.210632232097937	628	0.709003104332601	3.84997046759688e-23	14.5328626648472	5.92068778020046
AT1G79270	AT1G79280	0.077856476143414	709	0.708568516182379	4.20360102491774e-23	148.113993401408	92.4366724795475
AT4G32175	AT4G32180	0.0042679312388856	18	0.708219744698981	4.51023182881818e-23	9.33654352517955	80.8310731671103
AT1G04230	AT1G04240	0.265835929387331	640	0.707264100266823	5.46703578540995e-23	12.9903494484121	60.5944976506351
AT2G03270	AT2G03280	0.0151994933502217	36	0.707215091633699	5.52112707214664e-23	11.7759574469862	6.12215367533412
AT5G10050	AT5G10030	0.0101367279585101	43	0.706718478940666	6.09966172081115e-23	13.3708807207256	18.9426933621004
AT1G64960	AT1G64970	0.0140373265273568	44	0.706553654625715	6.30448547000283e-23	9.09664644320049	180.392970808854
AT2G44850	AT2G44860	0.0231600617601647	45	0.705670787128822	7.52164541032425e-23	14.0070101523511	50.4827701632265
AT3G06810	AT3G06820	0.00145530145530146	7	0.703838420299002	1.08273873665558e-22	60.1755243749389	26.2139644806525
AT1G47740	AT1G47750	0.0209193503991192	38	0.703376498777152	1.18635960997775e-22	25.8545287761278	12.6693156731048
AT5G45400	AT5G45410	0.140744899868987	376	0.701640946106181	1.66982600034912e-22	3.66731878664362	134.327462991415
AT3G45740	AT3G45750	0.00715661987338288	26	0.701537227745309	1.70415531129581e-22	15.5586943799695	8.97666467201529
AT1G20540	AT1G20550	0.041409993155373	121	0.698918263486076	2.84066821648258e-22	20.1039987000824	4.53700813967673
AT3G12480	AT3G12490	0.0126798341867837	26	0.698533742894949	3.06055534744422e-22	24.4169137446018	70.4478656259442
AT5G51130	AT5G51140	0.0584685024519049	155	0.69785573052706	3.48955083763002e-22	5.48062166323099	33.8416996760469
AT3G49080	AT3G49100	0.174097664543524	410	0.697841700516235	3.499022287794e-22	14.9535503362055	14.0721539994724
AT3G10850	AT3G10860	0.0142348754448399	24	0.697309660872622	3.87736844088314e-22	80.0758919522186	68.4357547944815
AT5G58210	AT5G58220	0.00158227848101266	3	0.697157665556089	3.99261961788756e-22	9.20413472271989	39.853240257333
AT3G11620	AT3G11630	0.0269933554817276	65	0.697031171785878	4.09108460254267e-22	14.3503684108606	396.595214242469
AT1G65410	AT1G65420	0.032064128256513	56	0.696820381877793	4.26047184943681e-22	33.6129359133274	7.09372989651574
AT1G60220	AT1G60230	0.0179372197309417	56	0.695299205494353	5.70370946535175e-22	37.9045911997243	18.8218900173645
AT3G19330	AT3G19340	0.010082677959266	25	0.694757086062416	6.32587373134953e-22	3.03505416026235	72.239870905187
AT5G61920	AT5G61930	0.343888070692194	934	0.693874903522479	7.48300159483948e-22	2.47108111666208	6.76344317706595
AT4G18480	AT4G18465	0.00779180302321957	25	0.693682568496512	7.7615213966285e-22	187.393048169278	18.0147265971828
AT5G17522	AT5G17523	0.590609235545208	761	0.692623860402409	9.48607774567926e-22	1.4670249153339	16.3445240496998
AT1G01730	AT1G01740	0.0375029670068835	79	0.692014357863766	1.06434764965655e-21	17.4950583940318	14.8711372227304
AT4G39960	AT4G39970	0.0178533475026567	42	0.691306705984672	1.21611996530068e-21	75.4303068459786	74.3468656689853
AT5G43940	AT5G43950	0.011125945705385	25	0.69090246372006	1.31211818271992e-21	198.09778600713	6.54849172130207
AT5G63470	AT5G63480	0.173518938167692	268	0.690659106491486	1.37344447067292e-21	18.2874836666299	3.67043993795283
AT5G10610	AT5G10620	0.087218045112782	145	0.689674770805445	1.65140587371762e-21	10.1373637787974	0.967327610319237
AT1G14020	AT1G14030	0.0241314749323903	58	0.689265139200648	1.7826657518275e-21	11.2645535149004	25.5965272371994
AT3G58130	AT3G58140	0.0340575455079272	87	0.689131236518402	1.82774615619425e-21	11.4503111541818	81.3065395447454
AT4G05450	AT4G05460	0.195064072140484	411	0.689124638905705	1.82999594150225e-21	10.4308388313806	10.1408699963284
AT5G05470	AT5G05480	0.012273212379936	23	0.687573951794123	2.44132234054454e-21	12.7831443856433	13.1887237485291
AT1G22050	AT1G22060	0.0180831826401447	90	0.686954123828465	2.73804743821342e-21	11.6186717573218	116.863509677101
AT1G50440	AT1G50450	0.0512929207291225	121	0.68672026320658	2.85893476077973e-21	28.6540002494078	26.5549880238229
AT3G56900	AT3G56910	0.0235960358659745	50	0.686338002034815	3.06786475669329e-21	9.33641170743186	105.284582581855
AT3G19800	AT3G19810	0.00124571784490813	2	0.686102151677509	3.20414628137152e-21	46.9780805204765	38.7844966460814
AT5G03420	AT5G03430	0.0087498342834416	33	0.686099962264616	3.20543872712332e-21	31.7004220217703	57.3051624181043
AT1G76450	AT1G76460	0.0138378378378378	32	0.683899925037977	4.79853492101835e-21	87.4144067115606	35.8819269519331
AT2G41705	AT2G41710	0.0164693772516727	48	0.682719023851556	5.95015433267303e-21	18.6252118889345	48.4916528931891
AT5G15440	AT5G15450	0.0233826968043648	75	0.681250657033468	7.76386962749495e-21	11.899863587563	198.211802624293
AT1G16270	AT1G16280	0.128790715087982	516	0.681138457398415	7.92282137989689e-21	46.7092486060133	8.3632892757357
AT2G32410	AT2G32415	0.0106541129831516	43	0.68096465413349	8.17534958523775e-21	11.0120295674614	16.2507661467567
AT3G20670	AT3G20680	0.0378378378378378	35	0.680950941248973	8.19560551462112e-21	13.0048900661736	21.4048977868439
AT4G16310	AT4G16330	0.0800910988802429	422	0.68058185781187	8.75961687366815e-21	36.45806010901	24.1071353232814
AT1G68862	AT1G68870	0.0346598202824134	54	0.677945801548504	1.40507734876324e-20	2.04284311287005	2.04525584520404
AT5G53330	AT5G53340	0.0222222222222222	50	0.676831297493284	1.71326187984697e-20	44.8919806980787	13.3410135813212
AT5G08400	AT5G08390	0.18537028623353	816	0.676692447541004	1.75600996632321e-20	7.73802991487013	26.065756759715
AT5G14430	AT5G14440	0.00041211621677313	1	0.674573941684156	2.55334856115233e-20	55.9603715272376	25.0758765706222
AT5G47640	AT5G47650	0.0270935960591133	44	0.674279339708257	2.68913366854241e-20	40.8162949739578	11.1232309308016
AT1G17600	AT1G17610	0.741265235055136	3193	0.673868334394711	2.89043029164061e-20	21.4910812044372	12.0588022950725
AT1G24340	AT1G24350	0.138283828382838	419	0.673807899679882	2.92124519345335e-20	27.8968212129942	16.7615176887815
AT3G52210	AT3G52220	0.0147674132414472	30	0.671716778709001	4.20976137297125e-20	7.6028398589012	29.258275376864
AT1G60420	AT1G60430	0.00924799221221708	19	0.671337291961335	4.49694240708921e-20	41.641339030491	11.3670720327153
AT5G08270	AT5G08280	0.0308672219500245	63	0.670775618180802	4.95745596426381e-20	3.52467000068142	114.278685841146
AT1G48160	AT1G48170	0.130640737970581	262	0.670152988130698	5.52188951929834e-20	26.4393617262908	10.1462031030741
AT4G00750	AT4G00752	0.0321524263173564	108	0.670118421425179	5.55500183702102e-20	22.7080459266811	26.2807648531175
AT3G22942	AT3G22950	0.0141435306443164	27	0.670062665211536	5.60882159651029e-20	3.57145491932032	16.7989079634759
AT2G27480	AT2G27490	0.0118610561988139	21	0.669751902723772	5.91825967798227e-20	4.19174538226372	11.1164162744079
AT1G23935	AT1G23950	0.00845186559472274	41	0.665812627103288	1.16255853629292e-19	9.16038722816322	27.9264238266536
AT4G03410	AT4G03415	0.0423589556326456	116	0.665258899116752	1.2772494800366e-19	31.568504437602	41.6200121232822
AT1G60650	AT1G60660	0.00807614652437266	14	0.663886536650276	1.61128240222278e-19	10.5186159104422	8.02156353649301
AT1G49350	AT1G49360	0.0175361683472161	40	0.663843786529136	1.62295366574437e-19	9.34756207054166	18.2403722986202
AT2G42220	AT2G42230	0.011426060206548	26	0.663509096155551	1.71722822160047e-19	583.010069681771	30.2628711308473
AT1G78890	AT1G78895	0.254626202812731	516	0.662216392779165	2.13425568954355e-19	24.8049458694199	6.81659095487566
AT3G45890	AT3G45900	0.199400599400599	499	0.661468551850513	2.41911020793743e-19	9.39822426486134	15.5420218003165
AT2G37330	AT2G37340	0.0308880308880309	56	0.661462652542749	2.42149870444627e-19	2.75246711840468	79.066896922303
AT1G74430	AT1G74440	0.251449395395064	759	0.66112919394514	2.56032120527882e-19	222.885200082951	45.3897220486993
AT1G09050	AT1G09060	0.0107780397440216	48	0.661013074437281	2.6104650929034e-19	8.75831460551055	67.835557639749
AT4G20325	AT4G20330	0.0484500102648327	118	0.660181399575897	2.99874555663098e-19	2.100906277999	18.4271589017721
AT3G47060	AT3G47070	0.133254716981132	339	0.659567938010478	3.32076681140752e-19	20.8492159576745	47.5426268964879
AT1G10490	AT1G10500	0.00899914872917427	37	0.658146501336488	4.20228699372529e-19	41.6008868585227	85.730595075692
AT5G38630	AT5G38640	0.197982105463545	520	0.656855453514529	5.19848856370827e-19	15.1812349150734	24.4429688515084
AT1G06515	AT1G06500	0.0662629141432134	93	0.656653744538538	5.37367307842622e-19	16.7856156554125	6.83876509839305
AT5G49530	AT5G49540	0.00750133952491516	21	0.656503445966689	5.50794445098585e-19	17.503712315789	34.9657004929349
AT2G22730	AT2G22740	0.389735573791846	1496	0.65528196968341	6.72777887284921e-19	3.09790566074747	28.2449781065871
AT5G05830	AT5G05840	0.00823384108686702	20	0.653943619476782	8.36773926106099e-19	9.65090735478893	1.23754706499452
AT2G23980	AT2G23985	0.209620253164557	621	0.652712119286081	1.02178655790973e-18	48.4988918336924	4.85539625623846
AT5G66180	AT5G66190	0.0320958083832335	67	0.652181353161648	1.11333506783095e-18	9.13712212027866	553.807665094069
AT3G05010	AT3G05020	0.00803212851405622	14	0.651173301003208	1.30977983981296e-18	17.0750723934376	16.3012145606959
AT5G54270	AT5G54280	0.0148846440089308	60	0.650218533601081	1.52684470252688e-18	4818.83354362487	24.4667161873368
AT4G23530	AT4G23540	0.107295061418902	428	0.649894577707783	1.60818971919703e-18	16.6856819628471	34.6873418130641
AT1G08600	AT1G08610	0.00542049934296978	33	0.649613232335645	1.68225760861393e-18	33.0656121006125	15.1167129309298
AT1G15810	AT1G15820	0.00120772946859903	2	0.649425895375344	1.73341344063307e-18	27.6145601012341	1367.27375762981
AT3G15190	AT3G15200	0.0364864864864865	54	0.648630005910109	1.96821024446218e-18	149.70404900745	8.49548150477536
AT1G47330	AT1G47340	0.00830175058653673	23	0.647335675610064	2.41792334571223e-18	22.9041438468498	5.44635297372433
AT4G37190	AT4G37200	0.0268804527234143	57	0.646701305751423	2.67354466806927e-18	37.981677403914	46.6877187766101
AT2G45720	AT2G45730	0.00723089564502876	22	0.646002172339978	2.98585673935442e-18	11.0529830064652	19.1227582286868
AT4G29210	AT4G29220	0.00858062209510189	24	0.645526554994209	3.21839543899426e-18	55.8392336540025	94.2650540057927
AT3G21280	AT3G21290	0.00362778886268819	20	0.643286757254627	4.57352893167418e-18	13.8283921062993	29.738188216161
AT1G30755	AT1G30757	0.32306101344364	781	0.641988081327538	5.59965135810003e-18	49.6991936757459	7.13642323019129
AT1G73380	AT1G73390	0.0013225326500248	4	0.641511872105883	6.02963314944535e-18	16.4704147257092	55.9040777466634
AT1G04900	AT1G04910	0.00407442618497895	15	0.641384557296508	6.14994566709083e-18	8.3360315566484	35.3371764486048
AT5G27850	AT5G27860	0.138753387533875	256	0.640539506260604	7.01005754835148e-18	195.732448968565	41.8269853418991
AT4G25660	AT4G25670	0.169593577521325	338	0.639753532891867	7.91478089250865e-18	48.6739306805881	63.1613998047885
AT3G09085	AT3G09090	0.01472350624893	43	0.639072776214027	8.78974016258871e-18	8.79946397162926	55.9945125247535
AT5G24165	AT5G24170	0.00605326876513317	10	0.638668640529415	9.3531009531237e-18	64.3083531369521	9.16533091130596
AT3G15380	AT3G15390	0.00860752464251007	31	0.638205731897623	1.00417559687858e-17	23.6248874641201	7.0095181652537
AT1G51540	AT1G51550	0.231355345185869	501	0.63716359838199	1.17782043752861e-17	17.4541745186107	9.71873956192505
AT5G42310	AT5G42320	0.00656077348066298	19	0.637060100541688	1.19658633181304e-17	59.7014501660255	22.2973187694153
AT5G04510	AT5G04520	0.0251689582847821	54	0.636927281803796	1.22109658332457e-17	33.9648900362012	4.69635518646697
AT2G41760	AT2G41770	0.00251166128453534	7	0.636650465654495	1.27376516833557e-17	16.813101378759	32.0276128652661
AT1G49990	AT1G50000	0.0226476139121057	42	0.634739316447027	1.70294118695387e-17	3.50057297634136	2.9859397871864
AT4G24480	AT4G24490	0.00928239914316316	39	0.634448547745093	1.77954697455248e-17	13.2781820491451	37.6344000695072
AT2G25840	AT2G25850	0.00872190540087219	39	0.63323693025795	2.1365903067673e-17	30.4240644506356	41.7911501506752
AT4G36940	AT4G36945	0.0300638857572341	80	0.630092252481134	3.42140150901092e-17	21.1107100202964	22.372573157629
AT5G63640	AT5G63650	0.0340356564019449	105	0.629687734264211	3.63361469469663e-17	36.2092661057226	4.73588867795252
AT2G29540	AT2G29550	0.127648305084746	241	0.628663780040357	4.22983061649414e-17	7.43243943018899	73.9867312031273
AT4G25610	AT4G25620	0.00768	24	0.627355406966453	5.13192678624551e-17	5.24145987257116	55.7590485580274
AT5G20500	AT5G20510	0.00415416570505424	9	0.627173579317804	5.27128933755955e-17	97.7745141211476	4.63040980511936
AT3G61610	AT3G61620	0.00661736084079408	17	0.625974048204342	6.28770546443042e-17	3.35672255842257	13.2190089571506
AT1G80890	AT1G80900	0.00488251449496491	8	0.62571635243397	6.52979808915329e-17	8.89513669927521	8.30502565912824
AT2G41540	AT2G41550	0.123282846072561	350	0.625433461529424	6.80603183416729e-17	31.5111475375345	2.49408650998622
AT4G12010	AT4G12020	0.00784190715181932	50	0.623695857416641	8.77040036230389e-17	24.7095857913536	45.5934501560639
AT1G01160	AT1G01170	0.0417348608837971	51	0.623620585968109	8.86695358403164e-17	39.8673218349635	64.4708437521538
AT4G08455	AT4G08460	0.0127493316882583	31	0.6231985553504	9.42781375163403e-17	7.63312934375239	42.3884949699533
AT5G67130	AT5G67140	0.00161943319838057	3	0.622212316590801	1.08767889638523e-16	34.9657805725346	19.0372752150052
AT1G78910	AT1G78915	0.0205983325159392	63	0.621283116650287	1.24393901630346e-16	4.60875098486208	32.4473539439989
AT3G10620	AT3G10630	0.154302670623145	260	0.62093581623515	1.3077933855161e-16	21.6213968052716	9.31284390536536
AT3G07525	AT3G07530	0.0249154653852999	70	0.620766258598265	1.34011840036529e-16	5.82988227888672	7.96323966551873
AT3G58510	AT3G58520	0.00905469032959073	25	0.620348897360534	1.42304071966186e-16	41.5352043790992	2.24989264911029
AT5G03905	AT5G03910	0.0489375402446877	114	0.618886966955815	1.75486546373865e-16	6.36387064361849	41.3395631307817
AT5G57150	AT5G57160	0.00165614325639168	8	0.618877909964953	1.75713964737442e-16	29.1793312736134	21.8251733821852
AT1G48540	AT1G48550	0.00788686429154202	29	0.617888081450655	2.02379554718457e-16	51.2274100986056	21.0164737425276
AT1G79710	AT1G79720	0.0305158634051829	63	0.617773391274687	2.05713316059846e-16	6.78987691886402	17.2082597604788
AT3G61560	AT3G61570	0.216146208087495	751	0.617502813079619	2.13791944034552e-16	16.9503171051541	17.1292827034387
AT5G08510	AT5G08520	0.157384987893462	455	0.615353090174753	2.89955241717363e-16	6.64344387572587	25.8172862305206
AT5G19210	AT5G19220	0.0075214899713467	21	0.615059328347734	3.02229574409153e-16	11.9131530783873	283.119769935776
AT4G26970	AT4G26980	0.00996805111821086	39	0.614694273036962	3.1819014507786e-16	129.430167895988	7.59286397063418
AT1G12810	AT1G12820	0.00543344035564337	11	0.614499603142247	3.27034197361214e-16	20.7633823602801	55.6437270381273
AT5G47960	AT5G47970	0.137429935644592	331	0.613493977696693	3.76676757681913e-16	4.39089732284301	13.3437340325052
AT3G02690	AT3G02700	0.0283730757621491	47	0.612699854105303	4.20999761757841e-16	36.9315563412557	25.5399013729654
AT3G07080	AT3G07090	0.0338277387457715	65	0.612174135743681	4.5309682955852e-16	11.8469218488752	55.7137570445746
AT5G63280	AT5G63290	0.0267474135755741	53	0.611973520765259	4.65963602283333e-16	17.0521103153644	3.86631482257433
AT3G10405	AT3G10390	0.0237906423473434	75	0.611716871208397	4.82944398384697e-16	22.8729507558205	20.7251183057746
AT3G58100	AT3G58110	0.359335500180571	995	0.610032364593872	6.10348789844502e-16	1.36402330904113	34.6305636436201
AT5G19140	AT5G19150	0.687215765538151	2720	0.609129182813627	6.91589187806675e-16	1029.86908159965	18.4797620298892
AT1G15240	AT1G15250	0.00895283772981615	28	0.608746171793291	7.29139092815389e-16	44.2663792799689	6.93614558952403
AT3G09660	AT3G09670	0.00789105256459208	31	0.607825344864902	8.27730882066742e-16	3.06525207304461	12.9682221500238
AT3G13770	AT3G13772	0.0004149377593361	1	0.607529029964574	8.62134839880149e-16	1.51200757643498	83.261194559223
AT4G00490	AT4G00500	0.0138257949832115	35	0.607247481966008	8.96113042311675e-16	45.3132887643504	16.4748913662368
AT1G43850	AT1G43860	0.269014084507042	1146	0.606736336313877	9.61165169411325e-16	85.5933643111296	21.2580531851539
AT5G27550	AT5G27560	0.0133012593745578	47	0.605809252573025	1.09108962204966e-15	5.15475501983615	41.5836374613969
AT3G27750	AT3G27770	0.134437719018796	211	0.605743269898163	1.10096249093274e-15	9.97689858111829	86.1520378196232
AT5G61980	AT5G61990	0.0779083306869906	368	0.605483041011025	1.14075562540709e-15	2.07511164364299	9.63687119334695
AT4G17010	AT4G17020	0.0128410914927769	36	0.603639054519523	1.46574381605358e-15	11.1641572820393	20.5575325406827
AT2G24350	AT2G24360	0.0119189511323004	35	0.603609093167698	1.4717062689031e-15	5.30566430716838	129.877449038262
AT5G06260	AT5G06265	0.0185185185185185	52	0.603149946347215	1.56608905021287e-15	32.6827501103917	9.10167483878693
AT3G18300	AT3G18310	0.00639097744360902	17	0.60273841259056	1.65567695573456e-15	8.2349336190624	8.38681364423343
AT3G54080	AT3G54085	0.279128512788128	442	0.602673969316436	1.67015051864565e-15	9.52622624582185	11.4263044958927
AT2G44750	AT2G44760	0.0163886450102429	28	0.602604451649175	1.68590195095981e-15	12.0024189904319	40.1148412290009
AT3G03740	AT3G03750	0.506868918145392	1771	0.602280256482731	1.76129019633241e-15	47.5393918771589	7.88269941796937
AT1G34770	AT1G34780	0.00308483290488432	6	0.601500312899008	1.95636328807076e-15	3.59520266986649	22.8565264750239
AT5G52840	AT5G52850	0.0110414052697616	22	0.60149419337678	1.95797409907307e-15	62.2280252424381	2.22226238132582
AT5G67230	AT5G67240	0.0244067796610169	72	0.601254335708195	2.0221384734067e-15	6.88145509470549	27.2866207891066
AT5G59400	AT5G59410	0.0282594733461785	44	0.598273663214848	3.01205897518115e-15	16.3379964434535	5.38469624129686
AT1G19350	AT1G19360	0.306871532223645	719	0.597945227549025	3.1464613072627e-15	100.746190827425	33.4264350039558
AT1G19850	AT1G19860	0.00567410879486863	23	0.597808141700221	3.20427124505682e-15	17.241920621162	27.1670294317264
AT5G11010	AT5G11020	0.00875656742556918	25	0.597658825642544	3.26841568968272e-15	15.0710647676791	5.68859780360653
AT4G03180	AT4G03190	0.00911161731207289	18	0.597205090770806	3.47110358406706e-15	13.2501682350191	17.6512181591402
AT2G40720	AT2G40730	0.000222965440356745	1	0.596902733554598	3.61291130482921e-15	2.01229370319027	74.4518018462882
AT2G25650	AT2G25660	0.122790697674419	858	0.596279394215053	3.92329040907137e-15	12.7519517530191	60.1784375518168
AT2G20495	AT2G20500	0.0885174868461776	143	0.593666075826468	5.53188767598431e-15	7.44822137939824	3.76487486620834
AT5G24680	AT5G24690	0.0237585199610516	61	0.593631153730491	5.55722933726871e-15	7.38302037087481	169.267399239937
AT1G16790	AT1G16800	0.130310663308144	776	0.592856566122622	6.14927994316752e-15	4.94108591925305	13.8260894380774
AT5G58300	AT5G58310	0.0342275670675301	74	0.591951958339976	6.91865431293689e-15	9.37151232525629	4.16208964982031
AT3G45880	AT3G45890	0.011666059059424	32	0.591796436675654	7.06004527037824e-15	3.11341847981702	9.39822426486134
AT2G18390	AT2G18400	0.0229320229320229	28	0.590409366376804	8.4519911893171e-15	12.6576377726422	3.69613018421469
AT4G18370	AT4G18372	0.0499178981937603	76	0.58983540778757	9.10308278383859e-15	15.590415621584	5.43537801941987
AT4G02400	AT4G02405	0.041159627773801	115	0.589253618590373	9.81279614852534e-15	16.7025676527761	22.7544824018536
AT4G32680	AT4G32690	0.0304701864985553	58	0.588961263760093	1.01894829330745e-14	26.8149197927584	4.78219101171661
AT2G37680	AT2G37690	0.00412825099766066	15	0.588902208861783	1.02672633124712e-14	14.9384145497587	26.4034420354387
AT2G21530	AT2G21540	0.0274547187797903	72	0.588780074913009	1.04299619934493e-14	132.046626622257	9.80519483969003
AT5G12350	AT5G12360	0.027641196013289	104	0.588092280616319	1.13941289755525e-14	39.3422703996885	1.48152960464263
AT4G29350	AT4G29360	0.0110887096774194	22	0.587862323812181	1.17354302385245e-14	229.375700052946	10.1249617508646
AT4G17350	AT4G17360	0.0122780092085069	28	0.587452355192455	1.2368748198529e-14	3.48491606533085	11.7763217238784
AT1G63380	AT1G63390	0.0565610859728507	50	0.58704703961988	1.30275232524268e-14	8.11226604877005	6.83019134082309
AT4G39990	AT4G40000	0.0334909377462569	85	0.586627645490826	1.37450965743426e-14	34.8830533226235	2.87568712744887
AT1G31220	AT1G31230	0.0192742056919139	64	0.584077014555275	1.90128745035065e-14	11.6978073671081	101.684523487429
AT1G65030	AT1G65032	0.0138217000691085	20	0.581951948118901	2.48601746815739e-14	10.2163704663464	5.3158819303809
AT2G30760	AT2G30766	0.238878504672897	639	0.581947849555987	2.48729883869476e-14	0.696683977968399	45.1346843718872
AT1G34630	AT1G34640	0.0501165501165501	86	0.581176331325424	2.74030564380194e-14	13.7451033548718	4.98868609126446
AT1G28530	AT1G28540	0.00808674875941922	22	0.581028869870483	2.791434978642e-14	10.762298206604	6.22317733829107
AT3G01920	AT3G01930	0.0195258019525802	42	0.578782198830429	3.69529977624899e-14	13.6550038248279	10.5231039374759
AT2G01340	AT2G01350	0.0696165191740413	118	0.578646873471269	3.75800867954949e-14	2.93130365372908	64.5867862208898
AT3G14100	AT3G14110	0.016875900391027	41	0.57710125990419	4.55186117980652e-14	157.822097613898	60.7953293917234
AT1G62740	AT1G62750	0.00732064421669107	20	0.576780356394485	4.73603541483991e-14	78.8009006666388	391.92852261316
AT4G38150	AT4G38160	0.00899947061937533	17	0.57661727283802	4.83239018174092e-14	9.0100950788341	28.3435210618482
AT5G05190	AT5G05200	0.00832033281331253	24	0.575548666404776	5.51261339572455e-14	99.6851625332356	186.152870688236
AT5G10830	AT5G10840	0.0107214652669198	24	0.575219211430484	5.74049521285597e-14	2.01610069663069	121.615351723946
AT1G29840	AT1G29850	0.171080285834384	407	0.573679928094904	6.93238081761195e-14	5.68425907109857	47.3782870987466
AT1G51390	AT1G51400	0.0210711150131694	24	0.572727647120753	7.78676667700167e-14	10.7877712829876	188.747997654025
AT2G31820	AT2G31830	0.0519956060051263	213	0.568126944347113	1.35812431717754e-13	114.8039429345	4.57984399828056
AT1G54310	AT1G54320	0.017631103074141	39	0.567931094933698	1.39040282526516e-13	11.8730527659776	85.6293082983494
AT3G50430	AT3G50440	0.0353503846953629	85	0.567557030091806	1.4541382664343e-13	8.87636899814771	53.1714310751103
AT1G66820	AT1G66830	0.38614123247818	730	0.567302925047123	1.49904440141402e-13	5.00744017303662	3.40810633553593
AT5G53360	AT5G53370	0.0119729307652264	23	0.566826546966969	1.58689064295736e-13	16.9106321795242	107.41203489509
AT2G47170	AT2G47180	0.0103466114847387	20	0.566484843658386	1.65296286328088e-13	207.063550759339	151.248834121634
AT2G02740	AT2G02750	0.0394981412639405	85	0.565894183212765	1.77353100014869e-13	11.2207814420774	1.88333697640555
AT4G21180	AT4G21190	0.0420443587270974	109	0.564478668444431	2.09829638613488e-13	49.8902025856009	9.5318326247407
AT5G58790	AT5G58800	0.0661596958174905	87	0.56435752916655	2.12863129627898e-13	4.50091812287962	27.356750483211
AT1G74900	AT1G74910	0.051430781129157	133	0.564234462678699	2.15988500899384e-13	2.1415563021801	124.02391250846
AT5G03330	AT5G03340	0.124812930260401	417	0.563685513353546	2.30481038274629e-13	31.7864379974131	65.7947119483355
AT1G50900	AT1G50910	0.190893596299002	392	0.56289542269291	2.53010408904576e-13	75.4324865828864	5.73240333634081
AT5G16300	AT5G16310	0.0130576713819369	42	0.56222184872669	2.73894856249238e-13	45.7365180195465	6.86635130556917
AT5G07110	AT5G07120	0.0172413793103448	30	0.56210932906502	2.77543063741505e-13	9.39685961549407	15.3859617662501
AT1G74390	AT1G74400	0.0149369044553181	29	0.561232215751295	3.07646069437136e-13	4.53144564107725	1.24478798501638
AT5G45010	AT5G45020	0.115188335358445	237	0.560861066839731	3.21318315712922e-13	19.6141235169824	5.70555485483474
AT3G56250	AT3G56260	0.113367687177933	187	0.559315207975456	3.84890642806953e-13	1.24543175124857	10.3461880725931
AT3G16460	AT3G16470	0.119572953736655	420	0.557975544349112	4.49733002582503e-13	47.5678118933165	547.851454835968
AT1G05400	AT1G05410	0.00593631948192121	11	0.556282510523702	5.4698656135329e-13	1.07534891129214	10.1642954265602
AT3G54110	AT3G54120	0.0399352401511063	74	0.555798337571586	5.78366397547484e-13	42.5289062070906	2.80726090239601
AT3G09300	AT3G09310	0.125705076551168	234	0.554549679584889	6.67577509890728e-13	61.4169747685194	1.80439569582005
AT5G25500	AT5G25510	0.0372514472690662	74	0.554035599881099	7.08068448611414e-13	2.13676806864042	31.2168494979081
AT5G26030	AT5G26040	0.0129130269654387	34	0.554007166738848	7.10376210378191e-13	604.07088886908	14.4878130273491
AT2G23740	AT2G23755	0.153469387755102	564	0.55387162881711	7.21477834307377e-13	33.2376337880537	3.29498926051609
AT3G50100	AT3G50110	0.0236866079562709	78	0.553297230307773	7.70424218051126e-13	4.08202256846845	5.97278718990666
AT1G52500	AT1G52510	0.443867243867244	1538	0.553050446884977	7.92429935805467e-13	10.4830292307798	68.4882836028563
AT5G63960	AT5G63970	0.00488947743709891	24	0.552872287852762	8.08694445616935e-13	13.8503685972702	37.7069981643127
AT1G68585	AT1G68590	0.162271805273834	160	0.552405171489186	8.52892480149726e-13	16.6863710106441	94.3050287792117
AT3G48320	AT3G48330	0.041708043694141	63	0.551480426995628	9.47411959619505e-13	37.7127633298687	8.34974252837047
AT3G09540	AT3G09550	0.0891763104152485	262	0.547031020151382	1.56390457456926e-12	33.6262577856274	3.7334700119494
AT1G48960	AT1G48970	0.0074487895716946	20	0.54583449154658	1.78731384163018e-12	6.63321882201237	28.3129699876433
AT1G48370	AT1G48380	0.178564701450367	474	0.545008285477669	1.95933960561326e-12	5.46980480525098	8.64750217635933
AT3G09060	AT3G09050	0.163418290854573	327	0.544263430081799	2.12811830583933e-12	2.44191029777227	21.1344238391917
AT4G15720	AT4G15730	0.00194789383978573	8	0.543855722495537	2.22638957179407e-12	0.698995790926272	6.45094798336636
AT4G38225	AT4G38230	0.0528455284552846	117	0.543381775552458	2.34616547410722e-12	47.7608913674371	6.49593770372702
AT5G01920	AT5G01930	0.123236822568671	249	0.541425764978413	2.91007744995123e-12	32.6752097208217	3.41188726210682
AT4G38250	AT4G38260	0.0419099965647544	61	0.541258759752993	2.96390047050062e-12	78.6315967566418	14.3890068563016
AT5G48730	AT5G48740	0.0246134427264121	78	0.539330933402778	3.65950833741716e-12	14.3237128638774	0.608302473866298
AT1G23880	AT1G23890	0.00843558282208589	22	0.53843807014115	4.03302882424647e-12	4.07866800473229	5.5398803346921
AT4G09750	AT4G09760	0.0285536933581626	69	0.537362166481382	4.53240121233972e-12	13.8779098979498	138.491170399533
AT1G80950	AT1G80960	0.00491613649508386	17	0.53683015039092	4.80099166715651e-12	38.5264573526738	7.2144473313
AT1G11303	AT1G11310	0.0199097837921916	64	0.536620519223987	4.91100938870322e-12	12.6476147764835	294.145358955743
AT3G58710	AT3G58720	0.212496226984606	352	0.535979635236983	5.26272897947235e-12	7.42964943400962	12.1011591564802
AT4G17600	AT4G17610	0.0768325487558843	457	0.535888319019037	5.31479031994324e-12	68.7512436990128	14.6693935793991
AT1G11790	AT1G11800	0.0116618075801749	36	0.535443428280369	5.57565822718788e-12	34.8072978530907	14.7986144291319
AT2G39910	AT2G39920	0.0125976316452507	25	0.534723835373751	6.02408644121408e-12	9.26161852201762	26.7558749844631
AT5G16350	AT5G16360	0.0980638672366105	195	0.534505081068661	6.16720345324497e-12	6.58187705994493	44.398528596216
AT3G52380	AT3G52390	0.0562483417352083	106	0.533048732308588	7.20756672614315e-12	79.9495440902016	4.17869967365663
AT4G17540	AT4G17550	0.111445086705202	241	0.53299509720108	7.24896166945902e-12	5.15552904865469	49.1604315275565
AT3G18100	AT3G18110	0.00799567801188547	37	0.53286249455588	7.35229438081566e-12	8.98174665673518	26.5660311465914
AT4G12390	AT4G12400	0.0627284972099288	163	0.532281956600712	7.82174298117152e-12	8.68651174782099	5.57637968795563
AT2G27600	AT2G27610	0.000364497904137051	1	0.531667014141544	8.35067307365874e-12	142.940428205668	0.800126379620235
AT4G11660	AT4G11670	0.0838029449191056	461	0.529429549012037	1.05837165514927e-11	17.094329884853	38.2121662952279
AT1G05720	AT1G05730	0.177881802223523	304	0.527782540823946	1.25868031565941e-11	28.6336663652402	0.709982015179739
AT5G67170	AT5G67180	0.0511497958306469	119	0.525892403807639	1.53393458774807e-11	5.96322882718422	15.7294077018135
AT2G46100	AT2G46110	0.0311937612477504	52	0.523500087865849	1.96680164567019e-11	64.8980566065764	5.7708955705546
AT3G62080	AT3G62090	0.0969162995594714	231	0.52317784312315	2.03346923085243e-11	13.8707094893788	6.71585800697789
AT5G13840	AT5G13850	0.0728980322003578	163	0.522337058189881	2.21788390433801e-11	3.61222359934176	37.5370095024721
AT4G36130	AT4G36140	0.0394240178945897	141	0.520998967191423	2.54522818923823e-11	67.0430947270514	18.0291886098813
AT1G06790	AT1G06800	0.155168708360198	361	0.520859096348653	2.58203023761315e-11	9.84697878526537	5.95429664887638
AT5G64680	AT5G64685	0.0790255496137849	133	0.520612677201197	2.64812385857308e-11	15.7489679224952	10.0151456147182
AT5G55200	AT5G55210	0.0395634379263302	58	0.520308947402161	2.73184528801745e-11	13.6909602201888	11.9097169345813
AT2G18220	AT2G18230	0.00698080279232112	22	0.520003013638076	2.818762478834e-11	19.736573200691	34.9324032398513
AT5G18960	AT5G18970	0.183869619724196	440	0.518945785932783	3.14022361835948e-11	26.643167280865	1.63259608629909
AT4G19645	AT4G19650	0.313015272334099	1158	0.518816691868207	3.18182697487773e-11	3.56856286923116	3.79137683789843
AT3G55470	AT3G55480	0.0223880597014925	81	0.518390724304038	3.32292376656584e-11	34.4581482469678	36.9535473470207
AT4G22270	AT4G22280	0.0283886445421831	71	0.518031977629942	3.44643622132364e-11	15.3993827699236	7.08880766129074
AT5G03190	AT5G03200	0.0295246530853262	50	0.517997560145533	3.45851672389588e-11	67.6503982004016	19.2117745271721
AT3G01350	AT3G01360	0.441537203597711	1080	0.51755244422138	3.61849305923239e-11	6.27983035842034	10.8227534800417
AT2G40770	AT2G40780	0.0208631622008591	102	0.516688849571649	3.94954680539619e-11	32.8079330329173	3.15140022601738
AT3G26840	AT3G26850	0.26480372588157	796	0.516257636063413	4.12564055321595e-11	73.7438877163256	7.236280436972
AT3G04870	AT3G04880	0.0337552742616034	80	0.512969936562749	5.74192324071044e-11	98.7636681598168	32.0725888022405
AT1G16740	AT1G16750	0.0103505057633498	22	0.512957241185782	5.74921821484604e-11	8.30914356437705	5.78770140411457
AT3G59940	AT3G59950	0.00125786163522013	3	0.512940256398345	5.75899198032929e-11	144.723166382712	50.9649873224706
AT3G07500	AT3G07510	0.0723172628304821	93	0.512842787688214	5.81539119562784e-11	1.68229793456838	6.17973777950625
AT5G12110	AT5G12120	0.315302634224814	784	0.512319343523687	6.12753737361945e-11	7.09682499081132	68.1934348346484
AT2G46020	AT2G46030	0.00635575023619342	37	0.511168058726596	6.87215949389302e-11	155.108687495206	34.7543600585778
AT3G52105	AT3G52110	0.0575875486381323	74	0.509664538102069	7.97736640433983e-11	9.53856688656257	1.66173496773977
AT5G25080	AT5G25090	0.01968787515006	41	0.509207341133305	8.34625064937713e-11	16.2097737472643	1.84638469061612
AT1G26090	AT1G26100	0.0853374709076804	165	0.507931757235294	9.46479000344221e-11	21.5351305653309	6.64461787171756
AT5G40440	AT5G40450	0.02465544705312	178	0.507199993629227	1.01705115462376e-10	20.7872961895194	274.343944546716
AT2G17140	AT2G17150	0.0471635150166852	212	0.507158579715626	1.02119372697237e-10	3.28641761932682	14.8434907080123
AT1G14390	AT1G14400	0.164841498559078	429	0.506001520257763	1.1437582288781e-10	1.63127016560144	230.16199222967
AT3G10820	AT3G10840	0.232831737346101	851	0.50582775958808	1.16335111875567e-10	19.1763234788441	20.6950056535349
AT2G25270	AT2G25280	0.0489986389266965	126	0.505212170522739	1.23540898832785e-10	4.89361490580263	22.5162464266309
AT3G20240	AT3G20250	0.00686427457098284	22	0.504675860089479	1.30168848783444e-10	15.7742148736622	121.062075621108
AT1G70760	AT1G70770	0.0263736263736264	54	0.504635299850579	1.30683857322171e-10	187.983630671068	143.698041306015
AT4G03500	AT4G03490	0.248458764685355	1068	0.50463214729247	1.30723968933117e-10	1.64247744539301	7.04499486501934
AT3G12930	AT3G12940	0.142693278274834	311	0.503899022953133	1.40382355116699e-10	46.0028619521462	14.0235460679626
AT5G08360	AT5G08370	0.0318861908265882	65	0.503222100488544	1.49910302016146e-10	0.459711981928124	23.1887991084428
AT3G04550	AT3G04560	0.023448670288819	41	0.50037885447242	1.97214474432917e-10	55.8313592281651	13.6002723457362
AT1G65840	AT1G65845	0.0316560359083392	67	0.500236985593854	1.99918613821344e-10	44.3561229545915	28.9007552644856
AT4G28640	AT4G28650	0.00300638857572341	8	0.499789517105908	2.08684514581286e-10	5.85837863000463	0.54977584211808
AT2G22610	AT2G22620	0.000889125989152663	5	0.499295526509261	2.18793080183522e-10	3.21115384971283	1.03231476923825
AT4G16695	AT4G16700	0.147439983004037	347	0.497554901523113	2.58320836738882e-10	8.54165877219752	4.47233955561266
AT1G79380	AT1G79390	0.0304594734124935	59	0.49526386658467	3.20979038040887e-10	149.358181768314	18.0370444235069
AT1G29380	AT1G29390	0.040782355389097	98	0.495043606793448	3.27723528168928e-10	1.40460636595603	73.8276523457815
AT2G42270	AT2G42280	0.0174828857293312	83	0.493886664506443	3.65458926887739e-10	62.8561933335213	6.16085613290533
AT1G71480	AT1G71490	0.192898272552783	402	0.49282122625595	4.03896505055105e-10	61.7690308577851	1.91755125459605
AT2G33390	AT2G33400	0.2088772845953	400	0.492380587330836	4.20909492262432e-10	47.2782870500251	2.17209889549535
AT1G64640	AT1G64630	0.0166835187057634	33	0.492318264763359	4.23370914360777e-10	12.3467604150836	19.9087685895983
AT2G28930	AT2G28940	0.0105022831050228	23	0.491465018319809	4.58499760610794e-10	8.42525582348057	25.2597841676537
AT5G52280	AT5G52290	0.00410593307329091	20	0.489679376708903	5.41351220983445e-10	23.7963805380533	0.615321565328951
AT5G51110	AT5G51120	0.078564500484966	162	0.489453441821165	5.52811855057991e-10	124.707755290202	15.7261057048706
AT1G24280	AT1G24290	0.00871369294605809	21	0.488363620413465	6.11463759601953e-10	7.24422171964181	2.9450589197906
AT5G26980	AT5G26990	0.168629298162977	537	0.487860231789894	6.40541142097168e-10	5.20541086693659	16.7197335473029
AT3G10200	AT3G10210	0.254055192753318	603	0.486646371293651	7.16251252740515e-10	0.912405054760261	11.6859119592006
AT4G00850	AT4G00860	0.000646412411118293	1	0.486595317748159	7.1961774855209e-10	6.11466955766117	50.285098297199
AT3G59400	AT3G59410	0.159581646423752	946	0.486173245493079	7.48040409991469e-10	184.235358111748	55.4627599863499
AT4G13360	AT4G13370	0.000763067531476536	2	0.485716660890874	7.80006349295871e-10	64.4175350891493	2.46480453566397
AT3G62140	AT3G62150	0.0131444428216737	45	0.484436798172067	8.76793527408846e-10	9.81982955931117	41.9097583729389
AT5G40570	AT5G40580	0.0273446869752938	57	0.483933153733985	9.17973690675973e-10	3.60878481910585	43.4109053934072
AT5G53920	AT5G53930	0.0130044843049327	29	0.483426242254586	9.61301968831336e-10	4.60214636490277	10.705369641606
AT2G38570	AT2G38580	0.103608660785886	323	0.482748392240762	1.02233377803186e-09	2.14645731564597	12.7404411630098
AT2G01400	AT2G01410	0.368536052439913	506	0.482348570132559	1.06006738376789e-09	11.0539864425408	11.9836819046701
AT2G39270	AT2G39280	0.0413363533408834	146	0.481239489487214	1.17190248103706e-09	45.1778536878994	13.2062770601342
AT3G02160	AT3G02170	0.102860922771622	311	0.479167144964385	1.41209956815642e-09	4.08102174329797	68.0826802425715
AT5G62520	AT5G62530	0.136752136752137	392	0.478428763384601	1.50864247980872e-09	171.240654712789	65.9374178058945
AT2G41750	AT2G41760	0.546439628482972	1059	0.477808876849242	1.59457740074411e-09	3.01464364214482	16.813101378759
AT1G76850	AT1G76860	0.00586435492095869	23	0.476923077326927	1.72560927664987e-09	126.931634815252	17.729814494487
AT3G27690	AT3G27700	0.17854463615904	595	0.476242531026515	1.83326795830338e-09	640.193910178189	28.3173242532557
AT4G22310	AT4G22320	0.0128093158660844	22	0.473516553236843	2.33309126508008e-09	78.6693189287447	2.05928039862371
AT5G05365	AT5G05370	0.0460251046025105	44	0.472393476943614	2.57515475867699e-09	3.35444191009689	8.05989952399641
AT5G46700	AT5G46710	0.211592836946277	449	0.469729207042957	3.25005457730145e-09	6.80306124163371	34.7680159757555
AT1G17750	AT1G17760	0.00232851460172698	12	0.468604886648059	3.58336008383216e-09	17.6174136263053	28.578411665691
AT1G25380	AT1G25390	0.137144692468283	427	0.467022870796484	4.10858071040432e-09	22.9288206945186	75.8707299472399
AT5G35670	AT5G35680	0.00972348830142814	16	0.466870265067798	4.16299506131016e-09	2.88574556812034	60.0391913739835
AT5G35360	AT5G35370	0.0145373217780263	52	0.466673288877179	4.23425693382442e-09	127.243562303473	17.5691169362981
AT1G76050	AT1G76060	0.0443159922928709	69	0.466275677378068	4.38169918227821e-09	32.1776543115148	3.7160067581787
AT2G32280	AT2G32290	0.283508470941454	661	0.465182817748347	4.81285964005735e-09	2.04142924034022	19.4678356695791
AT2G01860	AT2G01870	0.278796771826853	380	0.464322645329592	5.18065587122266e-09	16.9094602703873	4.14672607218638
AT1G06450	AT1G06460	0.0667903525046382	126	0.461970318241213	6.3298759808476e-09	3.02820767610095	224.403262577787
AT4G20760	AT4G20770	0.00385170919595571	8	0.459496148040555	7.80199656499948e-09	21.2182466563578	0.721184999740117
AT3G21100	AT3G21110	0.0144863266814486	49	0.458095096925212	8.77626917963181e-09	13.6274414308302	25.2919439361354
AT2G20540	AT2G20550	0.166761202495746	294	0.457951466609201	8.88251498072993e-09	1.21555126326797	9.20687823078305
AT5G38895	AT5G38900	0.00224014336917563	5	0.457922305963137	8.90423614495772e-09	20.0009480881763	22.7036284414946
AT1G72180	AT1G72190	0.000862936861786279	3	0.457882839088426	8.93371556874725e-09	212.291720771542	10.7266609747828
AT1G16000	AT1G16010	0.00438184663536776	7	0.457560525756914	9.17800285437894e-09	5.23664115539286	60.2022300263055
AT4G16510	AT4G16515	0.343630329333674	673	0.454825350096233	1.15261634382328e-08	7.22877005463073	3.88270500919187
AT3G59300	AT3G59310	0.125871908687381	397	0.454329525525801	1.20095515076267e-08	42.8398291319544	45.7040923024054
AT1G08830	AT1G08840	0.0244046116300598	145	0.452810463251065	1.36148511238404e-08	434.153662721297	9.95544374431596
AT2G42680	AT2G42690	0.0266386260077112	38	0.45210468260246	1.44290470986048e-08	48.6350935283815	175.130355765948
AT1G24030	AT1G24040	0.647644580620452	1691	0.451018817546814	1.57737565601747e-08	1.33525611566536	13.3151517162539
AT3G24715	AT3G24730	0.170304334460498	554	0.449149581373123	1.83752985607454e-08	5.52085983806154	7.73203429405516
AT1G17630	AT1G17640	0.0265220012055455	66	0.448747154053264	1.89869807080049e-08	2.4537396341552	3.83809437074703
AT1G80750	AT1G80760	0.0109555690809495	18	0.447601524931107	2.08372807323264e-08	27.5208264225046	25.5630951337559
AT1G53480	AT1G53490	0.540358744394619	1446	0.446277723327558	2.31911409391078e-08	5.20191541168649	2.26244161977103
AT1G24735	AT1G24764	0.0350508236943568	100	0.445206009246298	2.52817569231321e-08	1.19583209580324	18.7380029241216
AT2G43340	AT2G43350	0.0116438356164384	17	0.444642262420944	2.64529135122479e-08	8.11091853951296	30.4965800038794
AT3G13670	AT3G13672	0.307084019769358	932	0.444137871295118	2.75447572523376e-08	108.193889905009	31.6993378432919
AT5G41980	AT5G41990	0.0144829146865807	32	0.443975593695552	2.79051405595579e-08	2.83510284656909	84.4951118737557
AT3G12990	AT3G13000	0.0625720401778363	190	0.442459673612222	3.14976000030623e-08	9.46142199881907	7.15895946181961
AT1G49720	AT1G49730	0.0379080379080379	108	0.440414840011261	3.70523332882371e-08	29.02257223452	22.0886266602331
AT3G60150	AT3G60160	0.0641339343206697	249	0.44039830101667	3.71008787797642e-08	2.27412845601471	23.1161435957515
AT4G28310	AT4G28320	0.0163265306122449	24	0.439784401341504	3.89466002985106e-08	2.03926826167228	6.71241427363496
AT5G16930	AT5G16940	0.143253234750462	310	0.439067047693453	4.1215014577869e-08	8.75220774499667	3.81394231460436
AT5G07240	AT5G07250	0.00194884287454324	4	0.439045512074764	4.12850363860161e-08	26.4064280932548	21.0460451078711
AT3G51390	AT3G51400	0.0540383497966299	93	0.437981638232329	4.48898293020694e-08	16.6388772880525	0.638822343626331
AT1G02860	AT1G02870	0.0267987183221672	46	0.43633752450654	5.10607359441247e-08	13.0152731361943	19.4086465058541
AT5G14760	AT5G14770	0.00972660357518402	37	0.436150752010548	5.18111310904922e-08	10.8711166059757	6.98212418793083
AT4G18050	AT4G18060	0.171985815602837	776	0.435461618525456	5.46723863801427e-08	11.678802493657	44.214159779634
AT3G11020	AT3G11030	0.424882629107981	1086	0.434385364227428	5.94461141424737e-08	3.60938940229712	12.8801817966138
AT3G23480	AT3G23490	0.105449854885521	327	0.434225268370245	6.01894920915477e-08	87.1324706633548	66.2855743665078
AT4G03260	AT4G03270	0.256394732859089	847	0.433956515161072	6.14574760897539e-08	121.760853049155	2.3974471792191
AT4G03070	AT4G03080	0.0186785614719822	67	0.43221546465324	7.03136155433152e-08	10.412683193236	100.174119689093
AT4G37490	AT4G37480	0.0210567362058881	54	0.431696010497127	7.31845305168252e-08	1.23644556536644	19.6286920157196
AT2G42520	AT2G42530	0.0987153482082488	292	0.431512645935639	7.42245101204282e-08	48.9547040054734	82.654355570617
AT1G75360	AT1G75370	0.0595542564852028	163	0.431390941848875	7.49225746790796e-08	0.998772563216021	144.289686106595
AT5G46330	AT5G46340	0.0394495412844037	172	0.431292915605249	7.54893979019512e-08	25.4774514870842	49.3949170407401
AT4G35410	AT4G35420	0.0270839602768583	45	0.429223950578178	8.84568322544812e-08	7.31093607298882	6.5104718627154
AT5G06930	AT5G06940	0.138002980625931	463	0.428428697718253	9.39878250826667e-08	6.00813869579223	1.67543823705245
AT5G16030	AT5G16040	0.00226415094339623	6	0.428242864310564	9.53272356152641e-08	109.961058216016	8.47383408181027
AT5G47435	AT5G47440	0.206538895152198	458	0.428128254997003	9.61623842469784e-08	40.44084457496	2.11691435175767
AT1G12775	AT1G12780	0.00158196559224837	4	0.426649566659801	1.07585894308426e-07	2.71288594033605	52.7211696009501
AT1G75440	AT1G75450	0.241247959368765	665	0.426627071056946	1.07769330270113e-07	39.8914023792466	11.5640624639709
AT1G62600	AT1G62610	0.00430454667742803	8	0.42549514860563	1.17395984447542e-07	14.0444048534152	11.7134381370002
AT5G47860	AT5G47870	0.0210719193770041	46	0.425385666617024	1.18369564042399e-07	89.3719990088845	10.9486984737351
AT4G10620	AT4G10630	0.0101896405321257	18	0.425180608552972	1.20213894581418e-07	13.4899283614664	0.488808530012412
AT1G05835	AT1G05840	0.0291403593977659	60	0.424686808634723	1.24768766762483e-07	2.59431461132643	45.9266973372455
AT3G24929	AT3G24982	0.751614919774953	3607	0.42467560064798	1.24874043422449e-07	2.10684500864124	38.4228061945369
AT5G51970	AT5G51980	0.00855470508779829	19	0.422692615293533	1.44900654523516e-07	46.2976429541219	17.7384196152472
AT4G28220	AT4G28230	0.0176574455562095	45	0.422171601002618	1.50651835864304e-07	35.4370212975153	2.00347357342066
AT1G13960	AT1G13970	0.0221029365329965	70	0.422055777545511	1.51959690878693e-07	21.4800608883661	3.63692917919664
AT1G55190	AT1G55200	0.0303743315508021	71	0.419391944398599	1.85216309041882e-07	9.22368918911858	1.21897122002357
AT3G55310	AT3G55320	0.00869009584664537	34	0.418888389834519	1.92239982166902e-07	6.83693377757253	37.2906990198341
AT2G21340	AT2G21350	0.0803897685749086	198	0.418182806621748	2.02511266314401e-07	62.6969704367489	3.36390826725484
AT1G19485	AT1G19490	0.0179299103504482	66	0.418059861107474	2.04353855094994e-07	12.5849270957151	5.85804123012787
AT1G48560	AT1G48570	0.504150015370427	1640	0.416226547957098	2.33805242521713e-07	4.34962511827174	25.8766399519622
AT1G43900	AT1G43910	0.0200324851109908	37	0.415146830045827	2.53004583996709e-07	20.3134063135008	11.0124656949712
AT2G22000	AT2G22010	0.0262249827467219	95	0.412220888553505	3.1290118985807e-07	1.71731990033315	145.787612979279
AT4G14180	AT4G14190	0.189217758985201	716	0.410422946609845	3.56186763240298e-07	1.00941893310238	8.97588050617049
AT5G53310	AT5G53320	0.0366830276414363	71	0.410144237624196	3.63388521517982e-07	29.1846607696308	1.18863082469927
AT1G75335	AT1G75340	0.0116279069767442	20	0.408058581583616	4.21868548756509e-07	2.98077630699315	25.2878458675016
AT1G49960	AT1G49970	0.0322201711696593	96	0.40761578891406	4.35390778422296e-07	0.66920858961916	265.018898681679
AT5G61930	AT5G61940	0.198695204303537	868	0.406207188606734	4.81212452842895e-07	6.76344317706595	5.0130508926561
AT5G43860	AT5G43870	0.273239436619718	873	0.40581423284422	4.94794297499944e-07	6.15451560972131	8.70144517693671
AT3G56030	AT3G56040	0.00249765844520762	8	0.405219937984291	5.16031968879049e-07	2.25101817832834	78.9112983231765
AT3G24500	AT3G24503	0.0451403009353396	111	0.405070541091134	5.21506007740172e-07	9.60935838736352	137.247864281534
AT3G02370	AT3G02380	0.257730235667725	771	0.404507596564261	5.42634576023861e-07	7.18544485295666	27.7602159404994
AT4G24010	AT4G24015	0.0391783948269304	103	0.404099101646646	5.5847484100335e-07	21.7572579266377	3.94668379728157
AT3G59970	AT3G59980	0.0241340782122905	54	0.403942099912725	5.64679452052197e-07	205.369092864431	15.3552771486316
AT4G23000	AT4G23010	0.000472757357286373	2	0.403760671143903	5.71931282306317e-07	5.72571448580279	104.001086454156
AT5G13560	AT5G13565	0.00754199520054851	22	0.401566494887723	6.66971951147985e-07	50.6254165274904	28.1755651511288
AT4G01026	AT4G01030	0.261617900172117	532	0.3970544913176	9.11809145978847e-07	53.0380862752737	3.88344611399418
AT5G59470	AT5G59480	0.0495735607675906	93	0.395840500016518	9.91061112255556e-07	6.79486687466003	49.1350092514557
AT1G78476	AT1G78480	0.495262160454833	784	0.39519394596155	1.03590410045363e-06	2.91343451863032	1.24155824771257
AT4G11890	AT4G11900	0.01365886972853	40	0.394942222770004	1.05387995592947e-06	28.3804947084441	29.6624290409754
AT3G53530	AT3G53540	0.0131351538195645	38	0.394867715694946	1.05925730162666e-06	1.95144392268823	30.3628390338392
AT2G19670	AT2G19680	0.113086419753086	229	0.39450777958914	1.08560469671457e-06	6.01867767553947	19.5668909716015
AT5G58640	AT5G58650	0.00256191289496157	3	0.392403406993205	1.25257656336958e-06	24.9945434828416	21.8535049800201
AT3G07400	AT3G07410	0.0104463437796771	33	0.391652474789644	1.31786927150163e-06	51.7931091696806	7.2945835321326
AT1G06660	AT1G06670	0.00193143408981169	10	0.390545814595121	1.42002309385958e-06	0.669562978057149	44.4535255416666
AT3G10140	AT3G10150	0.0254806578642576	55	0.38799424152822	1.6850167481794e-06	8.27632631867634	0.763403534089503
AT1G34210	AT1G34220	0.00161268646687273	6	0.386600420473172	1.84898614102124e-06	13.1462470718561	53.5809267065744
AT1G60460	AT1G60470	0.0101384285435757	26	0.385790152148577	1.95116249390921e-06	0.94103981364354	1.34678622077882
AT5G63480	AT5G63490	0.0147991543340381	42	0.384564793894264	2.11593315956946e-06	3.67043993795283	37.5541516274782
AT4G28010	AT4G28020	0.0150666409117249	39	0.383009170961583	2.3442055094496e-06	2.51495337288318	3.78322550466727
AT3G13470	AT3G13480	0.14215597164152	391	0.382603345531019	2.4074959141185e-06	77.6647825884989	14.9308792244154
AT2G47380	AT2G47390	0.0291997782295324	79	0.380667709120189	2.73235308405085e-06	27.5459077336596	183.884035525166
AT1G01380	AT1G01390	0.00862068965517241	12	0.380593072262038	2.74567700703131e-06	0.861760447741824	4.55758744973446
AT5G55810	AT5G55820	0.023144996596324	119	0.380412133827548	2.77823400166341e-06	8.4867722219039	3.56886478035617
AT2G24180	AT2G24190	0.0605515587529976	101	0.379240333747819	2.99812053670033e-06	81.299687747787	2.59814493886325
AT3G09670	AT3G09680	0.00669056152927121	14	0.379083578253059	3.02875840255582e-06	12.9682221500238	1.06035299729386
AT3G54910	AT3G54920	0.158163265306122	496	0.378461544014203	3.15328884019056e-06	6.19302637782897	60.5602465084223
AT5G12970	AT5G12980	0.0104065040650407	32	0.377470335815232	3.36181786076933e-06	0.941231800013676	11.838181654397
AT1G15430	AT1G15440	0.00848082595870206	23	0.377011038140395	3.46281928935878e-06	23.2379006844143	22.0466032495935
AT1G74730	AT1G74740	0.0091941590048675	17	0.375417602104902	3.83599828725008e-06	113.833306750366	8.98238961886272
AT3G15060	AT3G15070	0.140289346777729	320	0.373042025236141	4.46385373858317e-06	12.7873162566498	24.8693677594895
AT4G15475	AT4G15480	0.044126917419626	105	0.37040193292573	5.27551275129478e-06	19.8844504779084	1.50550192609224
AT1G11890	AT1G11900	0.0107885949139481	21	0.370087723130992	5.38093064738046e-06	36.3733759916483	2.22738893860427
AT1G08310	AT1G08315	0.0386340117281821	56	0.369736098870926	5.50126586723146e-06	0.797539163432241	11.2163461898898
AT4G02200	AT4G02210	0.267196424137075	538	0.369337269472791	5.64083969647496e-06	52.1055482785654	11.5687782069393
AT5G08780	AT5G08790	0.010126582278481	18	0.369167311910256	5.70133105207201e-06	10.5993173552613	98.9277257094474
AT1G29830	AT1G29840	0.0115727002967359	39	0.366250859903197	6.84008849505783e-06	1.93238625387548	5.68425907109857
AT2G46200	AT2G46210	0.515838462693289	1718	0.364767883871731	7.49861769854497e-06	11.1044919559346	1.09170182226398
AT3G46640	AT3G46650	0.479401940512168	1507	0.363884530271161	7.91891838793547e-06	4.32864467635535	3.94887127079944
AT1G07010	AT1G07020	0.0116241524055538	18	0.362333372391654	8.71137563518719e-06	67.3091773999759	8.06683708327813
AT2G41110	AT2G41120	0.096128170894526	108	0.360760186046667	9.59127853747954e-06	132.494284433352	15.4316446095377
AT1G18180	AT1G18190	0.0173250173250173	50	0.358462163973098	1.10287280351406e-05	2.32246157240511	18.0591357328875
AT2G43550	AT2G43560	0.0193816335948316	21	0.357544920378307	1.16574250531482e-05	51.0227413884781	63.5310799104582
AT1G69720	AT1G69730	0.00686547951083458	16	0.3569637854817	1.20730982424859e-05	22.3512579993305	44.7534146522621
AT3G61160	AT3G61170	0.0446868402533427	127	0.356813735585099	1.21826767787584e-05	11.6310693691828	1.16740016783938
AT5G09990	AT5G09995	0.0578468130690948	54	0.356780185778558	1.22073056610815e-05	4.7298789309987	15.0624331066949
AT5G09920	AT5G09930	0.0385714285714286	81	0.356615523153999	1.2328867345366e-05	32.1259931221319	6.61005676990307
AT5G13690	AT5G13700	0.0790058862001308	302	0.356093929154217	1.27215194812815e-05	32.2572817070565	14.5187194868009
AT4G21860	AT4G21865	0.010388190267906	19	0.35574889023841	1.29877170902074e-05	92.563849838516	3.47370999612225
AT5G02120	AT5G02130	0.0470354421994038	71	0.352485932471291	1.57786519319693e-05	61.2002545920871	9.5274381688996
AT2G31380	AT2G31390	0.0196124212000934	42	0.35198957123405	1.62498076127467e-05	58.5776257300855	99.7379769569568
AT2G36355	AT2G36360	0.171368124118477	486	0.350516941092115	1.77269323846993e-05	0.491643304172968	26.3692980753693
AT2G20710	AT2G20720	0.0109056424845899	23	0.350029873710497	1.82427186886404e-05	2.00938428554467	2.7903986005866
AT2G25950	AT2G25964	0.0255447032306536	34	0.349987409261565	1.82883509833956e-05	17.7513208842668	87.4588068732975
AT5G62670	AT5G62680	0.00937035767340875	41	0.34594814213632	2.31562534467149e-05	91.5758831433786	124.190901400218
AT1G62720	AT1G62730	0.054453980467594	92	0.345563582730833	2.36784401681554e-05	1.29210184773795	6.01384435462597
AT1G13690	AT1G13700	0.00148367952522255	2	0.344860297440314	2.46622082072763e-05	15.329865709464	13.8533575149641
AT2G02955	AT2G02960	0.0189723320158103	48	0.340626333956313	3.14464850434663e-05	5.91430999988219	17.9451536978781
AT1G77270	AT1G77280	0.0530503978779841	190	0.33968192149321	3.3182259542234e-05	4.68023225597996	33.0290585491251
AT5G38600	AT5G38610	0.0163198694410445	40	0.339197157859717	3.41078125170018e-05	13.8278299397983	1.32825085840493
AT5G24620	AT5G24630	0.00996624336923324	31	0.339192668842919	3.41164956017011e-05	86.0508682143932	5.35505500343586
AT4G26300	AT4G26288	0.046831955922865	136	0.337508086791341	3.75257557717853e-05	40.897517770999	4.22073887536818
AT1G56700	AT1G56710	0.0119047619047619	22	0.337319301629541	3.79271494497267e-05	56.1422972730988	0.706483741114438
AT5G27430	AT5G27440	0.42255602068456	858	0.336673470781073	3.93310098982494e-05	29.9044441463744	0.698703938820401
AT3G07140	AT3G07150	0.1336084601496	259	0.333696723767044	4.64557028861722e-05	26.8900536471767	0.550196147017446
AT3G53090	AT3G53100	0.144927536231884	610	0.332564859602828	4.94695087549996e-05	29.3533476924507	13.002962662644
AT4G19850	AT4G19860	0.0261574679571018	50	0.332199261322238	5.04815206950153e-05	0.496422347209808	139.83238362283
AT1G56290	AT1G56300	0.233430883112412	678	0.329032627446293	6.00960298493096e-05	9.40922394547233	34.3300075318629
AT4G39620	AT4G39630	0.0239865675221876	50	0.328316777993389	6.24952247497866e-05	12.8110847518764	1.00056398056193
AT3G02500	AT3G02510	0.0174133865409033	48	0.328247134823115	6.27333633683985e-05	2.89720201728543	32.4870397296703
AT1G72060	AT1G72070	0.366619784341303	391	0.326436765463602	6.92302047013771e-05	6.61973358984498	1.04185306462416
AT4G27030	AT4G27040	0.0799381124290872	155	0.325270930268915	7.37418013050645e-05	16.9407907827384	43.9241092435977
AT2G23200	AT2G23210	0.275248344370861	665	0.325260210387515	7.3784533654385e-05	84.9676583764473	0.881525862049435
AT2G15900	AT2G15910	0.0860874503123225	379	0.324399777599072	7.72910184154416e-05	34.2661673446902	14.5522132222787
AT3G49890	AT3G49900	0.0786606431039065	148	0.323243116219193	8.22506945263636e-05	3.49540444704398	1.59971393582231
AT2G47780	AT2G47790	0.0309719934102142	47	0.322074944778238	8.75605533661255e-05	3.76979155513985	15.2851176623877
AT3G55830	AT3G55840	0.201711774230858	436	0.321977097931145	8.80195530055749e-05	63.049458252597	36.4310397041788
AT1G08260	AT1G08270	0.0647370059134765	624	0.318273360021697	0.000107142044603126	13.6576233334106	1.02048829291766
AT1G09460	AT1G09470	0.0685473240179278	130	0.315717448067173	0.000122528365392339	1.31581049772634	1.33150694380809
AT4G39030	AT4G39040	0.0402221796590691	105	0.313533436131118	0.000137283986781706	33.1544447491027	27.0814904458552
AT4G02040	AT4G02050	0.024132730015083	40	0.313353568367277	0.000138570243988255	1.78414219521084	25.5099862846663
AT5G54165	AT5G54170	0.0655993752440453	84	0.312526759154676	0.00014462862081698	1.23055359409518	243.425440684261
AT2G22125	AT2G22140	0.00347140039447732	22	0.31207108853816	0.000148072086336222	211.830185529853	0.910918451899135
AT2G45360	AT2G45380	0.0379167574634997	87	0.312040992000348	0.000148302190629565	0.528283695673778	57.2417903925991
AT5G58560	AT5G58570	0.108857336037863	161	0.310585792066329	0.000159833760103577	31.493204680302	3.90122585491619
AT1G32740	AT1G32750	0.0165478823625788	101	0.310010124723641	0.00016462180547132	1.59913682242202	76.2100663229681
AT5G61290	AT5G61300	0.046147507210548	112	0.308940685463948	0.000173872946170422	6.35692312522267	5.20070292170234
AT1G71300	AT1G71310	0.174878345498783	575	0.307748495251352	0.000184754892493491	0.698575396806418	15.2956313964093
AT1G17840	AT1G17850	0.0256965944272446	83	0.306567258023568	0.000196158702307078	134.709800376117	13.0799599743926
AT5G44780	AT5G44785	0.357628765792031	1104	0.305836692299899	0.000203535610471724	4.4272457759508	26.1184272676934
AT4G20030	AT4G20040	0.0642954856361149	94	0.305494275912583	0.000207081176314544	8.27455354265787	0.86913238765717
AT4G34120	AT4G34131	0.0196182396606575	37	0.302968731614192	0.000235059099637727	308.632789740292	5.23819823626368
AT2G31141	AT2G31150	0.10620643876535	160	0.302531161650927	0.000240249280668199	4.37893619067392	11.8661257458579
AT4G01790	AT4G01800	0.0307266861269012	100	0.29777191892406	0.000303996864726898	2.34103110117574	138.021651204447
AT3G45010	AT3G45020	0.0139792721137624	29	0.297342987388356	0.000310452269876459	38.6793883521346	1.61450545173873
AT5G07640	AT5G07650	0.0272071826962318	100	0.296343823226672	0.000325985143222718	1.16324711559178	1.13430536186651
AT2G20635	AT2G20650	0.0970556161395856	356	0.294879172263778	0.000350058435328481	2.26544909880697	8.81916526445803
AT1G75690	AT1G75700	0.015253740099736	26	0.294877313419439	0.000350090006415616	59.5346315231272	0.741906340409992
AT1G11090	AT1G11100	0.0300240759099278	106	0.293715714908534	0.00037034234911725	7.47278432837447	0.983086943247807
AT3G54980	AT3G54990	0.158554357330224	544	0.292060515798891	0.00040107713922187	10.0423250194967	1.0051792973236
AT4G00525	AT4G00530	0.014917421417155	14	0.290002317724047	0.000442580846209883	2.7052698143323	1.96768100802964
AT4G08780	AT4G08790	0.00879931876241839	31	0.285211099353996	0.000555015969509945	2.82891902991414	9.99651502786855
AT3G56960	AT3G56970	0.136035242290749	386	0.283976334519202	0.000587980647376572	5.59879997168282	4.11655957693776
AT5G18140	AT5G18150	0.452878739144419	704	0.283162684933268	0.000610678347419959	24.1215316328893	27.2184144531776
AT5G51380	AT5G51390	0.00612792033703562	8	0.28286998766832	0.00061903883036224	1.46487933768492	6.39407565717689
AT4G01390	AT4G01370	0.0413308534821244	100	0.282287995869746	0.000635976446234895	14.9260481862013	99.3249323270054
AT5G64750	AT5G64760	0.0415475509815132	109	0.280619165050593	0.000686937066720634	16.9659010844435	15.322543303583
AT1G17860	AT1G17870	0.05135045015005	77	0.280006274736416	0.00070657679474077	28.4849192309723	6.20932393503642
AT3G01280	AT3G01290	0.0509055310817425	104	0.279692725221527	0.000716822677431903	232.071223425457	204.645912381247
AT2G44065	AT2G44070	0.228920741989882	543	0.278993287246812	0.000740172172618806	14.2798465587664	1.61155063432982
AT5G25760	AT5G25770	0.0670125378296585	155	0.276540621632044	0.000827681704595082	23.0259669247556	18.5341927140138
AT1G23550	AT1G23560	0.0869992627181126	177	0.275773292323672	0.000856950069482818	2.05726282121946	3.65328484562079
AT3G21220	AT3G21230	0.103019538188277	348	0.275482297022182	0.000868295674404431	58.1139473199354	22.1084697697762
AT3G26680	AT3G26690	0.0129226793021753	30	0.274162046951433	0.000921521922652744	7.80552821159981	4.91455204522425
AT1G23790	AT1G23800	0.0110136651029982	27	0.272341333914573	0.000999836565302802	0.440128234744771	17.7962477014889
AT1G64600	AT1G64610	0.0345158197507191	108	0.272284658856702	0.00100236937817732	6.78492712669805	47.874151740019
AT3G52470	AT3G52480	0.0233661920408908	32	0.269627070720719	0.00112794760840831	61.1388133773143	3.99146880050125
AT5G61260	AT5G61270	0.0155927539555148	34	0.268634717671813	0.00117841607810755	0.762781328395412	18.1240241976232
AT1G80840	AT1G80850	0.027183488547697	54	0.266408040485777	0.00129925515590236	552.827654374269	10.6822788152021
AT4G30845	AT4G30850	0.185567010309278	261	0.265540942394326	0.00134929621567904	4.40079580673305	3.47045397749796
AT5G39510	AT5G39520	0.00772573635924674	16	0.264055590705574	0.00143912087239509	75.760216348262	26.2746445329266
AT3G16175	AT3G16180	0.00892857142857143	21	0.262593129107431	0.00153285640926452	1.06519188951679	25.2973561756838
AT2G37690	AT2G37700	0.0076806703130455	33	0.261292750275002	0.00162084010331515	26.4034420354387	1.61920692524832
AT2G25930	AT2G25940	0.00502232142857143	18	0.259518358480779	0.00174831649420131	23.6776558569938	1.09519111080718
AT5G63780	AT5G63790	0.00887311446317657	20	0.255750157545924	0.00204977077266113	24.5326256404815	62.643465507806
AT5G01760	AT5G01770	0.114973993977553	630	0.246164703854128	0.00304053637228537	2.06942222126454	13.2704331402491
AT2G31790	AT2G31800	0.00970176068990298	27	0.236752483312694	0.0044148655800532	90.162985336337	164.380406849398
AT4G31210	AT4G31230	0.0860325621251071	502	0.23541256933378	0.00465032563241666	51.5259399860815	0.896284429809957
AT5G58940	AT5G58950	0.00707509245859463	22	0.234471718491708	0.00482231784918532	12.388288721104	140.882688113946
AT3G54826	AT3G54830	0.0157607597494443	39	0.233568967254074	0.00499267556280664	19.4162791496704	22.3825330884968
AT5G39670	AT5G39680	0.0401437986818454	67	0.231715693623338	0.00535937333124706	48.8510463674702	1.43181102209784
AT4G14830	AT4G14840	0.236048064085447	442	0.231324383807893	0.00543980891088496	0.872131586528019	7.28819850695645
AT1G29041	AT1G29050	0.00489130434782609	9	0.230427087072059	0.00562833667342388	0.836975372120548	37.9360507809829
AT3G07970	AT3G07980	0.00210345157280811	11	0.229766987773552	0.00577072825947328	1.02201743852001	27.1570847601071
AT1G14350	AT1G14360	0.0125418060200669	30	0.229474101242378	0.00583493030025314	11.2252633888214	34.6575663411766
AT4G23610	AT4G23620	0.0495446265938069	68	0.22685011099112	0.00643915072966724	26.8480657101672	13.6836970708469
AT4G14100	AT4G14090	0.109863429438543	181	0.225603094829748	0.00674534899591702	9.14913604788863	18.6994565317257
AT1G73690	AT1G73700	0.0168274163759491	41	0.225332330505208	0.00681351998108094	1.45045390289127	5.47843014997348
AT2G24960	AT2G24970	0.214650766609881	504	0.223933902578704	0.00717544859390015	3.90891180008606	0.950068745336935
AT4G01690	AT4G01700	0.0500807754442649	93	0.222126894896521	0.00766835201834763	124.609722570095	32.5143710305886
AT2G32670	AT2G32680	0.00252951096121417	6	0.221962665252641	0.00771460407922943	0.626513170364235	132.28266083239
AT4G03140	AT4G03150	0.137381404174573	181	0.220864744820916	0.00803021576202546	2.04214753761754	18.2923771480096
AT3G20430	AT3G20440	0.00404599659284497	19	0.219151742566232	0.00854550597129739	7.24380067895634	27.5489218708991
AT3G29320	AT3G29330	0.00987261146496815	31	0.2153056701661	0.00981028517448093	224.823727387925	2.10042585115025
